 Istanza: MLE_4
- Agenti: 11
- Slot: 17

=== Soluzione Greedy ===
Agente 0: [0, 0, 0, 2, 3, 4, 5, 6, 2, 9, 10, 11, 11, 11, 11, 11, 11, 10, 12] (avg cost = 6.79)
Agente 1: [0, 0, 1, 2, 1, 4, 5, 7, 8, 9] (avg cost = 3.70)
Agente 2: [0, 0, 1, 2, 3, 4, 5, 7, 4, 9, 10, 9, 11, 10, 11, 10, 11, 11, 12, 12, 13, 13, 14, 14, 14, 13, 15, 16] (avg cost = 9.07)
Agente 3: [0, 1, 2, 2, 1, 4, 6, 7, 8, 9, 10, 11, 11, 11, 11, 11, 11, 1, 12] (avg cost = 6.79)
Agente 4: [0, 1, 2, 2, 3, 0, 6, 7, 8, 9, 10] (avg cost = 4.36)
Agente 5: [0, 1, 2, 3, 3, 5, 6, 7, 8, 9, 10, 11, 11, 11, 11] (avg cost = 6.53)
Agente 6: [0, 1, 2, 1, 4, 4, 6, 7, 8, 10, 11, 11, 11, 11, 11, 11, 11] (avg cost = 7.06)
Agente 7: [0, 0, 0, 3, 3, 5, 6, 7, 8, 10, 5, 11, 11, 11, 2, 11, 11, 11, 12, 12, 13, 13, 3, 14, 15, 15, 14, 15, 16, 16] (avg cost = 9.10)
Agente 8: [0, 0, 2, 2, 4, 5, 6, 0, 8, 9, 10, 11, 9, 8] (avg cost = 5.29)
Agente 9: [0, 1, 0, 3, 2, 5, 6, 8, 4, 10, 11, 11, 11, 11, 11, 11, 11, 12, 12, 13, 13, 13, 14, 14, 12] (avg cost = 8.76)
Agente 10: [0, 1, 2, 3, 4, 4, 6, 7, 9, 7, 11, 10, 11, 11, 11, 11, 11] (avg cost = 7.00)

Agente peggiore: 7 (costo medio = 9.10)

=== Dopo Ricerca Locale ===
Agente 0: [0, 0, 0, 2, 3, 4, 5, 6, 2, 9, 10, 11, 11, 11, 11, 11, 11, 10, 12] (avg cost = 6.79)
Agente 1: [0, 0, 1, 2, 1, 4, 5, 7, 8, 9] (avg cost = 3.70)
Agente 2: [0, 0, 1, 2, 3, 4, 5, 7, 4, 9, 10, 9, 11, 10, 11, 10, 11, 11, 12, 12, 13, 13, 14, 14, 14, 13, 15, 16] (avg cost = 9.07)
Agente 3: [0, 1, 2, 2, 1, 4, 6, 7, 8, 9, 10, 11, 11, 11, 11, 11, 11, 1, 12] (avg cost = 6.79)
Agente 4: [0, 1, 2, 2, 3, 0, 6, 7, 8, 9, 10] (avg cost = 4.36)
Agente 5: [0, 1, 2, 3, 3, 5, 6, 7, 8, 9, 10, 11, 11, 11, 11] (avg cost = 6.53)
Agente 6: [0, 1, 2, 1, 4, 4, 6, 7, 8, 10, 11, 11, 11, 11, 11, 11, 11] (avg cost = 7.06)
Agente 7: [0, 0, 0, 3, 3, 5, 6, 7, 8, 10, 5, 11, 11, 11, 2, 11, 11, 11, 12, 12, 13, 13, 3, 14, 15, 15, 14, 15, 16, 16] (avg cost = 9.10)
Agente 8: [0, 0, 2, 2, 4, 5, 6, 0, 8, 9, 10, 11, 9, 8] (avg cost = 5.29)
Agente 9: [0, 1, 0, 3, 2, 5, 6, 8, 4, 10, 11, 11, 11, 11, 11, 11, 11, 12, 12, 13, 13, 13, 14, 14, 12] (avg cost = 8.76)
Agente 10: [0, 1, 2, 3, 4, 4, 6, 7, 9, 7, 11, 10, 11, 11, 11, 11, 11] (avg cost = 7.00)

Agente peggiore dopo local search: 7 (costo medio = 9.10)