 Istanza: MLE_6
- Agenti: 11
- Slot: 20

=== Soluzione Greedy ===
Agente 0: [0, 0, 2, 1, 3, 0, 5, 5, 6, 7, 9, 10, 8, 10, 11, 6, 12, 13, 11, 15, 16, 17, 16, 18, 19] (avg cost = 8.80)
Agente 1: [0, 1, 2, 2, 3, 4, 5, 4, 6, 7, 9, 10, 10, 10, 10] (avg cost = 5.53)
Agente 2: [0, 0, 2, 2, 3, 5, 5, 5, 6, 6, 9, 10] (avg cost = 4.42)
Agente 3: [0, 0, 2, 2, 4, 5, 5, 5, 6, 8, 9, 10, 10] (avg cost = 5.08)
Agente 4: [0, 1, 2, 2, 4, 3, 5, 5, 6, 8, 7, 10, 10] (avg cost = 4.85)
Agente 5: [0, 1, 0, 3, 4, 5, 5, 5, 7, 7, 9, 10, 10, 10, 11, 12, 13, 13, 14] (avg cost = 7.32)
Agente 6: [0, 1, 2, 3, 3, 5, 5, 5, 7, 8, 9, 10, 10, 11, 11, 12, 13, 14, 14, 15, 14, 15, 18, 19, 19, 19, 18] (avg cost = 10.37)
Agente 7: [0, 1, 2, 2, 4, 5, 5, 6, 7, 8, 6, 7, 10, 11, 11, 12, 13, 8, 14, 15, 16, 17, 16, 19, 19, 17] (avg cost = 9.65)
Agente 8: [0, 1, 0, 2, 4, 5, 5, 3, 7, 8, 9, 10, 2, 10, 11, 12, 13, 9, 14, 15, 16, 17, 17, 16, 19, 19, 19, 19] (avg cost = 10.07)
Agente 9: [0, 1, 2, 3, 4, 5, 5, 4, 7, 8] (avg cost = 3.90)
Agente 10: [0, 2, 2, 3, 3, 3, 5, 6, 7, 8, 10, 10, 10, 5, 12, 12, 13, 14, 15, 15, 16, 9, 18, 19, 19, 19, 19] (avg cost = 10.15)

Agente peggiore: 6 (costo medio = 10.37)

=== Dopo Ricerca Locale ===
Agente 0: [0, 0, 2, 1, 3, 0, 5, 5, 6, 7, 9, 10, 8, 10, 11, 6, 12, 13, 11, 15, 16, 17, 16, 18, 19] (avg cost = 8.80)
Agente 1: [0, 1, 2, 2, 3, 4, 5, 4, 6, 7, 9, 10, 10, 10, 10] (avg cost = 5.53)
Agente 2: [0, 0, 2, 2, 3, 5, 5, 5, 6, 6, 9, 10] (avg cost = 4.42)
Agente 3: [0, 0, 2, 2, 4, 5, 5, 5, 6, 8, 9, 10, 10] (avg cost = 5.08)
Agente 4: [0, 1, 2, 2, 4, 3, 5, 5, 6, 8, 7, 10, 10] (avg cost = 4.85)
Agente 5: [0, 1, 0, 3, 4, 5, 5, 5, 7, 7, 9, 10, 10, 10, 11, 12, 13, 13, 14] (avg cost = 7.32)
Agente 6: [0, 1, 2, 3, 3, 5, 5, 5, 7, 8, 9, 10, 10, 11, 11, 12, 13, 14, 14, 15, 14, 15, 18, 19, 19, 19, 18] (avg cost = 10.37)
Agente 7: [0, 1, 2, 2, 4, 5, 5, 6, 7, 8, 6, 7, 10, 11, 11, 12, 13, 8, 14, 15, 16, 17, 16, 19, 19, 17] (avg cost = 9.65)
Agente 8: [0, 1, 0, 2, 4, 5, 5, 3, 7, 8, 9, 10, 2, 10, 11, 12, 13, 9, 14, 15, 16, 17, 17, 16, 19, 19, 19, 19] (avg cost = 10.07)
Agente 9: [0, 1, 2, 3, 4, 5, 5, 4, 7, 8] (avg cost = 3.90)
Agente 10: [0, 2, 2, 3, 3, 3, 5, 6, 7, 8, 10, 10, 10, 5, 12, 12, 13, 14, 15, 15, 16, 9, 18, 19, 19, 19, 19] (avg cost = 10.15)

Agente peggiore dopo local search: 6 (costo medio = 10.37)