 Istanza: MLE_5
- Agenti: 13
- Slot: 16

=== Soluzione Greedy ===
Agente 0: [0, 0, 1, 1, 2, 3, 3, 4, 4, 5, 5, 6, 6, 7, 7] (avg cost = 3.60)
Agente 1: [0, 0, 1, 1, 2, 3, 3, 4, 4, 5, 5, 5, 6, 7, 8, 8, 8, 9, 9, 10, 11, 12, 13, 13, 13, 14, 15, 3] (avg cost = 6.86)
Agente 2: [0, 0, 1, 1, 2, 3, 3, 4, 5, 5, 5, 6, 7, 7, 8, 8, 8, 9, 7, 10, 11, 12] (avg cost = 5.55)
Agente 3: [0, 0, 1, 1, 2, 2, 3, 4, 5, 5, 5, 6, 7, 7, 7, 8, 8] (avg cost = 4.18)
Agente 4: [0, 0, 1, 2, 2, 3, 3, 4, 5, 5, 5, 6, 5, 7, 8, 8, 8, 8, 10, 10, 11] (avg cost = 5.29)
Agente 5: [0, 0, 1, 2, 2, 3, 3, 4, 5, 5, 5, 6, 6, 7, 8, 8, 8, 9, 10, 10, 11] (avg cost = 5.38)
Agente 6: [0, 0, 1, 1, 3, 3, 3, 0, 5, 5, 5] (avg cost = 2.36)
Agente 7: [0, 0, 1, 2, 3, 3, 3, 4, 5, 5, 5, 5, 7, 7, 8, 8, 8, 9, 10, 11, 12, 12, 13, 13] (avg cost = 6.42)
Agente 8: [0, 0, 0, 2, 2, 3, 3, 4, 5, 0, 5, 6, 7, 7, 8, 8, 8, 9, 10, 10, 12, 13, 13, 13] (avg cost = 6.17)
Agente 9: [0, 0, 1, 2, 3, 3, 3, 4, 5, 5, 5, 6, 7, 7, 8, 8, 8, 9, 10, 11, 12, 13, 6, 9, 14, 10, 14, 15] (avg cost = 7.07)
Agente 10: [0, 0, 1, 2, 3, 3, 4, 4, 5, 5, 5, 5, 7, 7, 7, 8, 8, 9, 10, 11, 12, 3, 3] (avg cost = 5.30)
Agente 11: [0, 0, 1, 2, 3, 3, 4, 4, 5, 5, 5, 1, 7, 7, 8, 8, 9, 9, 10, 11, 12, 13, 13, 14, 14, 14, 14, 10, 11, 15] (avg cost = 7.73)
Agente 12: [0, 0, 1, 2, 3, 3, 4, 4, 5, 5, 5, 6, 7, 8, 8, 8] (avg cost = 4.31)

Agente peggiore: 11 (costo medio = 7.73)

=== Dopo Ricerca Locale ===
Agente 0: [0, 0, 1, 1, 2, 3, 3, 4, 4, 5, 5, 6, 6, 7, 7] (avg cost = 3.60)
Agente 1: [0, 0, 1, 1, 2, 3, 3, 4, 4, 5, 5, 5, 6, 7, 8, 8, 8, 9, 9, 10, 11, 12, 13, 13, 13, 14, 15, 3] (avg cost = 6.86)
Agente 2: [0, 0, 1, 1, 2, 3, 3, 4, 5, 5, 5, 6, 7, 7, 8, 8, 8, 9, 7, 10, 11, 12] (avg cost = 5.55)
Agente 3: [0, 0, 1, 1, 2, 2, 3, 4, 5, 5, 5, 6, 7, 7, 7, 8, 8] (avg cost = 4.18)
Agente 4: [0, 0, 1, 2, 2, 3, 3, 4, 5, 5, 5, 6, 5, 7, 8, 8, 8, 8, 10, 10, 11] (avg cost = 5.29)
Agente 5: [0, 0, 1, 2, 2, 3, 3, 4, 5, 5, 5, 6, 6, 7, 8, 8, 8, 9, 10, 10, 11] (avg cost = 5.38)
Agente 6: [0, 0, 1, 1, 3, 3, 3, 0, 5, 5, 5] (avg cost = 2.36)
Agente 7: [0, 0, 1, 2, 3, 3, 3, 4, 5, 5, 5, 5, 7, 7, 8, 8, 8, 9, 10, 11, 12, 12, 13, 13] (avg cost = 6.42)
Agente 8: [0, 0, 0, 2, 2, 3, 3, 4, 5, 0, 5, 6, 7, 7, 8, 8, 8, 9, 10, 10, 12, 13, 13, 13] (avg cost = 6.17)
Agente 9: [0, 0, 1, 2, 3, 3, 3, 4, 5, 5, 5, 6, 7, 7, 8, 8, 8, 9, 10, 11, 12, 13, 6, 9, 14, 10, 14, 15] (avg cost = 7.07)
Agente 10: [0, 0, 1, 2, 3, 3, 4, 4, 5, 5, 5, 5, 7, 7, 7, 8, 8, 9, 10, 11, 12, 3, 3] (avg cost = 5.30)
Agente 11: [0, 0, 1, 2, 3, 3, 4, 4, 5, 5, 5, 1, 7, 7, 8, 8, 9, 9, 10, 11, 12, 13, 13, 14, 14, 14, 14, 10, 11, 15] (avg cost = 7.73)
Agente 12: [0, 0, 1, 2, 3, 3, 4, 4, 5, 5, 5, 6, 7, 8, 8, 8] (avg cost = 4.31)

Agente peggiore dopo local search: 11 (costo medio = 7.73)