 Istanza: MLE_7
- Agenti: 10
- Slot: 20

=== Soluzione Greedy ===
Agente 0: [0, 1, 2, 3, 4, 5, 6, 7, 8, 10, 12, 12, 13] (avg cost = 6.38)
Agente 1: [0, 0, 2, 3, 4, 5, 5, 0, 9, 10, 12, 2, 13, 13, 14, 15, 15, 15, 16, 17, 18, 18, 18, 15, 19, 3, 19, 16] (avg cost = 10.57)
Agente 2: [0, 1, 2, 3, 5, 5, 6, 7, 9, 10, 12, 13, 13, 13, 15, 15, 15, 15, 16, 18, 18, 18, 7, 18, 19, 7, 19, 7] (avg cost = 10.93)
Agente 3: [0, 1, 2, 3, 4, 6, 6, 8, 9, 11, 12, 13, 13] (avg cost = 6.77)
Agente 4: [0, 1, 2, 4, 4, 6, 6, 8, 9, 11, 12, 13, 13] (avg cost = 6.85)
Agente 5: [0, 1, 2, 4, 5, 6, 7, 8, 9, 11, 1, 13, 13, 13, 14, 15] (avg cost = 7.62)
Agente 6: [1, 2, 2, 4, 5, 1, 7, 8, 10, 11, 13, 13, 13, 14, 14, 15, 15, 16, 17, 17, 18, 18, 18, 19, 19] (avg cost = 11.60)
Agente 7: [0, 0, 2, 4, 5, 6, 7, 7, 10, 11, 13, 13, 13] (avg cost = 7.00)
Agente 8: [1, 1, 3, 4, 3, 6, 7, 8, 6, 2, 12, 13, 13, 14, 14, 15, 15, 16, 17, 18, 5, 18, 18] (avg cost = 9.96)
Agente 9: [0, 0, 3, 4, 5, 4, 7, 8, 9, 12, 10, 13, 13, 14] (avg cost = 7.29)

Agente peggiore: 6 (costo medio = 11.60)

=== Dopo Ricerca Locale ===
Agente 0: [0, 1, 2, 3, 4, 5, 6, 7, 8, 10, 12, 12, 13] (avg cost = 6.38)
Agente 1: [0, 0, 2, 3, 4, 5, 5, 0, 9, 10, 12, 2, 13, 13, 14, 15, 15, 15, 16, 17, 18, 18, 18, 15, 19, 3, 19, 16] (avg cost = 10.57)
Agente 2: [0, 1, 2, 3, 5, 5, 6, 7, 9, 10, 12, 13, 13, 13, 15, 15, 15, 15, 16, 18, 18, 18, 7, 18, 19, 7, 19, 7] (avg cost = 10.93)
Agente 3: [0, 1, 2, 3, 4, 6, 6, 8, 9, 11, 12, 13, 13] (avg cost = 6.77)
Agente 4: [0, 1, 2, 4, 4, 6, 6, 8, 9, 11, 12, 13, 13] (avg cost = 6.85)
Agente 5: [0, 1, 2, 4, 5, 6, 7, 8, 9, 11, 1, 13, 13, 13, 14, 15] (avg cost = 7.62)
Agente 6: [1, 2, 2, 4, 5, 1, 7, 8, 10, 11, 13, 13, 13, 14, 14, 15, 15, 16, 17, 17, 18, 18, 18, 19, 19] (avg cost = 11.60)
Agente 7: [0, 0, 2, 4, 5, 6, 7, 7, 10, 11, 13, 13, 13] (avg cost = 7.00)
Agente 8: [1, 1, 3, 4, 3, 6, 7, 8, 6, 2, 12, 13, 13, 14, 14, 15, 15, 16, 17, 18, 5, 18, 18] (avg cost = 9.96)
Agente 9: [0, 0, 3, 4, 5, 4, 7, 8, 9, 12, 10, 13, 13, 14] (avg cost = 7.29)

Agente peggiore dopo local search: 6 (costo medio = 11.60)