 Istanza: MLE_1
- Agenti: 12
- Slot: 18

=== Soluzione Greedy ===
Agente 0: [0, 0, 1, 1, 1, 2, 3, 4, 5, 6, 8, 5, 10, 11, 11, 12] (avg cost = 5.00)
Agente 1: [0, 0, 0, 1, 1, 2, 3, 5, 2, 6, 8, 1, 10, 11, 11, 9] (avg cost = 4.38)
Agente 2: [0, 0, 1, 1, 1, 3, 4, 5, 5, 5, 8, 9, 10, 11, 11, 13, 14] (avg cost = 5.94)
Agente 3: [0, 0, 1, 1, 1, 3, 4, 4, 6, 7, 8, 9, 11, 5, 12, 13, 14, 15, 15, 15, 15, 8, 15, 15, 16, 15, 16, 16, 17] (avg cost = 9.55)
Agente 4: [0, 0, 1, 1, 2, 1, 4, 5, 6, 7, 8, 9, 11, 11, 12, 13, 13] (avg cost = 6.12)
Agente 5: [0, 1, 1, 1, 2, 3, 4, 5, 5, 7, 8, 4, 11, 11, 12, 13, 14] (avg cost = 6.00)
Agente 6: [0, 0, 1, 1, 2, 3, 4, 5, 1, 7, 9, 9, 10, 11, 12, 13, 15, 15, 15, 15, 15, 15, 15, 16, 15, 16, 16, 17] (avg cost = 9.75)
Agente 7: [0, 1, 1, 1, 2, 2, 0, 5, 6, 7, 9, 10, 11, 11, 12, 14, 15, 15, 15] (avg cost = 7.21)
Agente 8: [0, 1, 1, 1, 2, 1, 4, 0, 6, 7, 9, 10, 11, 11, 12, 6, 12, 13, 15] (avg cost = 6.42)
Agente 9: [0, 1, 1, 1, 2, 3, 4, 5, 6, 7, 8, 10, 7, 6, 12, 14, 15, 15, 15, 15, 15, 15, 15, 15, 16, 16] (avg cost = 9.19)
Agente 10: [0, 1, 1, 1, 0, 3, 4, 5, 6, 7, 9, 10, 9, 11, 12, 12, 15, 15, 14, 15, 15, 15, 15, 7] (avg cost = 8.42)
Agente 11: [0, 0, 1, 1, 1, 3, 4, 4, 6, 8] (avg cost = 2.80)

Agente peggiore: 6 (costo medio = 9.75)

=== Dopo Ricerca Locale ===
Agente 0: [0, 0, 1, 1, 1, 2, 3, 4, 5, 6, 8, 5, 10, 11, 11, 12] (avg cost = 5.00)
Agente 1: [0, 0, 0, 1, 1, 2, 3, 5, 2, 6, 8, 1, 10, 11, 11, 9] (avg cost = 4.38)
Agente 2: [0, 0, 1, 1, 1, 3, 4, 5, 5, 5, 8, 9, 10, 11, 11, 13, 14] (avg cost = 5.94)
Agente 3: [0, 0, 1, 1, 1, 3, 4, 4, 6, 7, 8, 9, 11, 5, 12, 13, 14, 15, 15, 15, 15, 8, 15, 15, 16, 15, 16, 16, 17] (avg cost = 9.55)
Agente 4: [0, 0, 1, 1, 2, 1, 4, 5, 6, 7, 8, 9, 11, 11, 12, 13, 13] (avg cost = 6.12)
Agente 5: [0, 1, 1, 1, 2, 3, 4, 5, 5, 7, 8, 4, 11, 11, 12, 13, 14] (avg cost = 6.00)
Agente 6: [0, 0, 1, 1, 2, 3, 4, 5, 1, 7, 9, 9, 10, 11, 12, 13, 15, 15, 15, 15, 15, 15, 15, 16, 15, 16, 16, 17] (avg cost = 9.75)
Agente 7: [0, 1, 1, 1, 2, 2, 0, 5, 6, 7, 9, 10, 11, 11, 12, 14, 15, 15, 15] (avg cost = 7.21)
Agente 8: [0, 1, 1, 1, 2, 1, 4, 0, 6, 7, 9, 10, 11, 11, 12, 6, 12, 13, 15] (avg cost = 6.42)
Agente 9: [0, 1, 1, 1, 2, 3, 4, 5, 6, 7, 8, 10, 7, 6, 12, 14, 15, 15, 15, 15, 15, 15, 15, 15, 16, 16] (avg cost = 9.19)
Agente 10: [0, 1, 1, 1, 0, 3, 4, 5, 6, 7, 9, 10, 9, 11, 12, 12, 15, 15, 14, 15, 15, 15, 15, 7] (avg cost = 8.42)
Agente 11: [0, 0, 1, 1, 1, 3, 4, 4, 6, 8] (avg cost = 2.80)

Agente peggiore dopo local search: 6 (costo medio = 9.75)