 Istanza: MLE_10
- Agenti: 10
- Slot: 20

=== Soluzione Greedy ===
Agente 0: [0, 0, 0, 2, 4, 4, 5, 5, 6, 8, 9, 10, 7, 10, 11, 11] (avg cost = 5.75)
Agente 1: [0, 0, 1, 2, 2, 5, 5, 5, 7, 5, 8, 10, 10, 10, 11, 11, 12, 12, 13, 14, 15, 16, 17, 17, 15, 18, 18] (avg cost = 9.59)
Agente 2: [0, 0, 1, 2, 1, 5, 5, 6, 3, 8, 9, 10, 5, 11, 11, 11, 12, 12, 14, 14, 16, 16] (avg cost = 7.82)
Agente 3: [0, 0, 0, 3, 4, 5, 5, 6, 4, 8, 9, 10] (avg cost = 4.50)
Agente 4: [0, 1, 1, 1, 3, 5, 5, 6, 6, 5, 8, 10, 2, 11, 11, 11] (avg cost = 5.38)
Agente 5: [0, 1, 1, 3, 4, 5, 1, 6, 7, 6, 9, 6, 10, 11, 11, 11, 11] (avg cost = 6.06)
Agente 6: [0, 0, 2, 3, 4, 5, 5, 1, 7, 8, 10, 10, 10, 11, 11, 11, 12, 13, 14] (avg cost = 7.21)
Agente 7: [0, 1, 2, 3, 4, 5, 2, 2, 7, 7, 9, 10, 10, 11, 11, 11, 12, 13, 14, 15, 16, 16] (avg cost = 8.23)
Agente 8: [0, 0, 2, 3, 4, 5, 5, 5, 7, 8, 10, 10, 10, 11, 11, 11, 12, 13, 14, 15, 16, 17, 14, 18, 17, 15, 18, 19, 19, 19] (avg cost = 10.93)
Agente 9: [0, 1, 2, 3, 4, 5, 6, 6, 7, 9, 10, 10, 10, 11, 11, 11, 13] (avg cost = 7.00)

Agente peggiore: 8 (costo medio = 10.93)

=== Dopo Ricerca Locale ===
Agente 0: [0, 0, 0, 2, 4, 4, 5, 5, 6, 8, 9, 10, 7, 10, 11, 11] (avg cost = 5.75)
Agente 1: [0, 0, 1, 2, 2, 5, 5, 5, 7, 5, 8, 10, 10, 10, 11, 11, 12, 12, 13, 14, 15, 16, 17, 17, 15, 18, 18] (avg cost = 9.59)
Agente 2: [0, 0, 1, 2, 1, 5, 5, 6, 3, 8, 9, 10, 5, 11, 11, 11, 12, 12, 14, 14, 16, 16] (avg cost = 7.82)
Agente 3: [0, 0, 0, 3, 4, 5, 5, 6, 4, 8, 9, 10] (avg cost = 4.50)
Agente 4: [0, 1, 1, 1, 3, 5, 5, 6, 6, 5, 8, 10, 2, 11, 11, 11] (avg cost = 5.38)
Agente 5: [0, 1, 1, 3, 4, 5, 1, 6, 7, 6, 9, 6, 10, 11, 11, 11, 11] (avg cost = 6.06)
Agente 6: [0, 0, 2, 3, 4, 5, 5, 1, 7, 8, 10, 10, 10, 11, 11, 11, 12, 13, 14] (avg cost = 7.21)
Agente 7: [0, 1, 2, 3, 4, 5, 2, 2, 7, 7, 9, 10, 10, 11, 11, 11, 12, 13, 14, 15, 16, 16] (avg cost = 8.23)
Agente 8: [0, 0, 2, 3, 4, 5, 5, 5, 7, 8, 10, 10, 10, 11, 11, 11, 12, 13, 14, 15, 16, 17, 14, 18, 17, 15, 18, 19, 19, 19] (avg cost = 10.93)
Agente 9: [0, 1, 2, 3, 4, 5, 6, 6, 7, 9, 10, 10, 10, 11, 11, 11, 13] (avg cost = 7.00)

Agente peggiore dopo local search: 8 (costo medio = 10.93)