 Istanza: MLE_9
- Agenti: 12
- Slot: 19

=== Soluzione Greedy ===
Agente 0: [0, 0, 1, 1, 2, 3, 3, 3, 4, 5, 6, 7, 8, 9, 10, 11, 13, 14, 15, 15, 15, 15, 15, 16, 16, 16, 16, 16, 17, 18] (avg cost = 9.67)
Agente 1: [0, 0, 1, 1, 2, 3, 3, 3, 4, 5, 6, 6, 8, 9, 11, 12] (avg cost = 4.62)
Agente 2: [0, 0, 1, 2, 2, 3, 3, 4, 4, 5, 6, 7, 9, 9, 10, 12, 13, 13, 15, 15, 15, 14, 15, 16, 16, 16, 16, 17, 17] (avg cost = 9.48)
Agente 3: [0, 0, 1, 1, 3, 3, 3, 3, 5, 5, 6, 8, 8, 9, 11, 12, 12, 14, 15, 7, 11, 15] (avg cost = 6.91)
Agente 4: [0, 0, 1, 2, 2, 3, 3, 4, 3, 5, 7, 8, 9, 10, 11, 12, 13] (avg cost = 5.47)
Agente 5: [0, 0, 1, 2, 3, 3, 3, 3, 5, 5, 7, 8, 9, 10, 10, 12, 13, 14, 3, 15, 15, 15, 15, 16, 16, 16, 16, 17, 17] (avg cost = 9.28)
Agente 6: [0, 0, 1, 2, 3, 3, 3, 4, 4, 6, 5, 8, 9, 10, 11, 12, 13, 14, 15, 15, 15] (avg cost = 7.29)
Agente 7: [0, 0, 1, 2, 3, 3, 3, 4, 5, 6, 7, 8, 9, 10, 11, 12] (avg cost = 5.25)
Agente 8: [0, 0, 1, 2, 3, 3, 3, 3, 5, 6, 7, 8, 6, 10, 10, 12, 13, 14, 15, 15, 15, 15, 15, 16, 16] (avg cost = 8.52)
Agente 9: [0, 1, 0, 2, 3, 3, 3, 4, 5, 5, 7, 8, 9, 10, 11, 12, 13, 14, 15, 15, 15, 15, 16, 16] (avg cost = 8.42)
Agente 10: [0, 1, 1, 2, 2, 3, 3, 4, 5, 6, 7, 8, 9, 8, 11, 12] (avg cost = 5.12)
Agente 11: [0, 1, 1, 1, 2, 3, 3, 4, 5, 6, 7, 8, 9, 10, 11, 12, 14, 15, 15, 15, 15, 15, 15, 16, 16, 16, 16, 17, 17, 18] (avg cost = 10.10)

Agente peggiore: 11 (costo medio = 10.10)

=== Dopo Ricerca Locale ===
Agente 0: [0, 0, 1, 1, 2, 3, 3, 3, 4, 5, 6, 7, 8, 9, 10, 11, 13, 14, 15, 15, 15, 15, 15, 16, 16, 16, 16, 16, 17, 18] (avg cost = 9.67)
Agente 1: [0, 0, 1, 1, 2, 3, 3, 3, 4, 5, 6, 6, 8, 9, 11, 12] (avg cost = 4.62)
Agente 2: [0, 0, 1, 2, 2, 3, 3, 4, 4, 5, 6, 7, 9, 9, 10, 12, 13, 13, 15, 15, 15, 14, 15, 16, 16, 16, 16, 17, 17] (avg cost = 9.48)
Agente 3: [0, 0, 1, 1, 3, 3, 3, 3, 5, 5, 6, 8, 8, 9, 11, 12, 12, 14, 15, 7, 11, 15] (avg cost = 6.91)
Agente 4: [0, 0, 1, 2, 2, 3, 3, 4, 3, 5, 7, 8, 9, 10, 11, 12, 13] (avg cost = 5.47)
Agente 5: [0, 0, 1, 2, 3, 3, 3, 3, 5, 5, 7, 8, 9, 10, 10, 12, 13, 14, 3, 15, 15, 15, 15, 16, 16, 16, 16, 17, 17] (avg cost = 9.28)
Agente 6: [0, 0, 1, 2, 3, 3, 3, 4, 4, 6, 5, 8, 9, 10, 11, 12, 13, 14, 15, 15, 15] (avg cost = 7.29)
Agente 7: [0, 0, 1, 2, 3, 3, 3, 4, 5, 6, 7, 8, 9, 10, 11, 12] (avg cost = 5.25)
Agente 8: [0, 0, 1, 2, 3, 3, 3, 3, 5, 6, 7, 8, 6, 10, 10, 12, 13, 14, 15, 15, 15, 15, 15, 16, 16] (avg cost = 8.52)
Agente 9: [0, 1, 0, 2, 3, 3, 3, 4, 5, 5, 7, 8, 9, 10, 11, 12, 13, 14, 15, 15, 15, 15, 16, 16] (avg cost = 8.42)
Agente 10: [0, 1, 1, 2, 2, 3, 3, 4, 5, 6, 7, 8, 9, 8, 11, 12] (avg cost = 5.12)
Agente 11: [0, 1, 1, 1, 2, 3, 3, 4, 5, 6, 7, 8, 9, 10, 11, 12, 14, 15, 15, 15, 15, 15, 15, 16, 16, 16, 16, 17, 17, 18] (avg cost = 10.10)

Agente peggiore dopo local search: 11 (costo medio = 10.10)