 Istanza: MMLE_8
- Agenti: 50
- Slot: 50

=== Soluzione Greedy ===
Agente 0: [0, 0, 3, 6, 8, 10, 11, 15, 18, 20, 24, 25, 25, 28, 30, 34, 35, 38, 40, 43, 43, 43, 43, 43, 44, 44, 46, 47] (avg cost = 27.36)
Agente 1: [0, 0, 3, 6, 7, 10, 12, 15, 18, 20, 19, 25, 25, 28, 31, 34, 36, 38, 41, 43] (avg cost = 20.55)
Agente 2: [0, 0, 3, 6, 8, 10, 12, 15, 18, 20, 24, 25, 25, 28, 31, 33, 36, 38, 41, 43, 43] (avg cost = 21.86)
Agente 3: [0, 0, 3, 6, 8, 10, 12, 15, 18, 20, 24, 21] (avg cost = 11.42)
Agente 4: [0, 0, 3, 6, 8, 9, 12, 15, 18, 20, 24, 25, 25, 28, 31, 34, 35, 38, 19, 43, 43, 43, 43, 43, 44, 45, 46, 26] (avg cost = 25.93)
Agente 5: [0, 0, 3, 6, 8, 10, 12, 15, 18, 21, 24, 25, 25, 28, 31, 34, 36, 38] (avg cost = 18.56)
Agente 6: [0, 0, 3, 6, 9, 10, 12, 14, 18, 21, 24, 9, 25, 27, 13, 34, 35, 37, 41, 43] (avg cost = 19.05)
Agente 7: [0, 0, 3, 5, 9, 10, 11, 15, 6, 20, 24, 25, 26, 26, 30, 34, 35, 35, 41, 43] (avg cost = 19.90)
Agente 8: [0, 0, 3, 6, 9, 10, 12, 4, 17, 21, 24, 25, 26, 28, 31, 34, 36, 39, 41, 41, 43, 43, 43, 43, 44, 45, 46, 47, 47] (avg cost = 27.86)
Agente 9: [0, 1, 3, 6, 9, 10, 12, 15, 18, 21, 24, 25, 26, 28, 29, 34, 36, 39, 39, 43, 20, 43, 43, 43, 44] (avg cost = 24.44)
Agente 10: [0, 1, 3, 6, 9, 10, 12, 15, 18, 21, 24, 25, 25, 28, 28, 34, 36, 39, 41, 43, 43, 43, 43, 43, 43, 43, 46, 47] (avg cost = 27.46)
Agente 11: [0, 1, 3, 6, 9, 10, 12, 15, 18, 21, 24, 25, 26, 28, 31, 34, 36, 38, 41] (avg cost = 19.89)
Agente 12: [0, 1, 3, 6, 9, 10, 12, 15, 18, 21, 24, 22, 26, 28, 31, 34, 36, 39, 41, 43, 43, 43, 43] (avg cost = 23.83)
Agente 13: [0, 0, 1, 7, 8, 10, 12, 15, 18, 21, 25, 25] (avg cost = 11.83)
Agente 14: [0, 0, 3, 7, 9, 10, 12, 15, 18, 21] (avg cost = 9.50)
Agente 15: [0, 1, 4, 6, 9, 10, 12, 16, 17, 21, 25, 25, 26, 28, 31, 35] (avg cost = 16.62)
Agente 16: [0, 1, 4, 4, 9, 10, 13, 16, 18, 21, 25, 25, 25, 29, 32, 35, 36, 38, 41, 43, 43] (avg cost = 22.29)
Agente 17: [0, 1, 4, 1, 9, 10, 13, 16, 19, 20, 25, 25, 26, 28, 32, 35] (avg cost = 16.50)
Agente 18: [0, 1, 4, 7, 9, 10, 13, 16, 17, 21, 25, 25, 26, 28, 32, 35, 36, 39, 41, 36, 43, 43, 43, 43, 44, 45, 46] (avg cost = 26.96)
Agente 19: [0, 1, 1, 6, 9, 10, 13, 15, 18, 22, 23, 25, 25, 29, 29, 34, 36, 39, 42, 43, 43] (avg cost = 22.05)
Agente 20: [0, 1, 4, 7, 9, 7, 13, 16, 18, 22, 16] (avg cost = 10.27)
Agente 21: [0, 1, 4, 7, 9, 10, 13, 15, 19, 10, 25, 25] (avg cost = 11.50)
Agente 22: [0, 1, 4, 7, 2, 10, 13, 16, 18, 21, 25, 25, 26, 29] (avg cost = 14.07)
Agente 23: [0, 1, 4, 7, 9, 10, 13, 16, 19, 22, 25, 25, 26, 29, 32, 35, 36, 39] (avg cost = 19.33)
Agente 24: [0, 1, 4, 6, 9, 10, 13, 16, 19, 22, 25] (avg cost = 11.36)
Agente 25: [0, 1, 4, 4, 9, 10, 13, 16, 19, 22, 25, 25, 26, 29, 32, 35, 37, 39, 42, 24, 43] (avg cost = 21.67)
Agente 26: [0, 2, 4, 7, 10, 10, 13, 16, 19, 22, 25, 25, 26, 29, 32, 35, 37, 39, 42, 43, 29, 43, 43] (avg cost = 23.96)
Agente 27: [0, 2, 4, 7, 10, 10, 13, 16, 19, 22, 25, 25, 26, 29, 32, 32, 37, 39, 42, 43, 43, 43, 43, 43] (avg cost = 25.21)
Agente 28: [0, 1, 4, 7, 10, 10, 13, 16, 19, 22, 25, 25] (avg cost = 12.67)
Agente 29: [0, 2, 4, 7, 10, 4, 13, 16, 19, 22, 25, 25, 26, 29, 32, 35, 37, 39] (avg cost = 19.17)
Agente 30: [0, 2, 5, 7, 10, 10, 13, 16, 19, 22, 25, 25, 27] (avg cost = 13.92)
Agente 31: [0, 2, 5, 7, 10, 10, 13, 17, 19, 22, 25, 25, 27, 29, 32, 35, 37] (avg cost = 18.53)
Agente 32: [0, 2, 4, 7, 10, 10, 13, 17, 19, 22, 25, 25, 27] (avg cost = 13.92)
Agente 33: [0, 2, 5, 7, 10, 11, 14, 17, 19, 23] (avg cost = 10.80)
Agente 34: [0, 2, 5, 7, 10, 11, 14, 16, 19, 23, 25, 25, 27, 29, 32, 35, 37, 40, 42, 43, 43, 43, 43, 43, 44, 45, 23, 47] (avg cost = 27.61)
Agente 35: [0, 2, 5, 8, 10, 10, 14, 17, 19, 23, 24, 25, 26, 29, 33, 35, 37, 40] (avg cost = 19.83)
Agente 36: [0, 2, 3, 7, 10, 5, 14, 17, 20, 23, 25, 25, 27, 29, 33, 35] (avg cost = 17.19)
Agente 37: [0, 2, 5, 7, 10, 11, 14, 17, 19, 23, 25, 25, 27, 30, 33, 35, 37, 22, 42, 25, 43, 43, 43, 43, 44, 45, 46, 47, 47] (avg cost = 27.93)
Agente 38: [0, 2, 5, 8, 10, 11, 14, 17, 17, 23, 25, 25, 27, 30, 30, 35, 37, 40, 41, 43, 43, 43, 43, 43, 44, 45, 46] (avg cost = 27.67)
Agente 39: [0, 2, 5, 7, 10, 11, 14, 17, 20, 18, 25, 25, 27, 30, 33, 33, 37, 39, 42, 42, 43, 43, 43, 43, 45, 46] (avg cost = 26.92)
Agente 40: [0, 0, 5, 8, 10, 11, 14, 17, 20, 23, 24, 25, 12, 30, 33, 35, 37, 40, 42, 43, 43, 43, 43, 44, 45, 21, 47, 45, 47] (avg cost = 27.83)
Agente 41: [0, 2, 5, 7, 10, 11, 14, 17, 20, 23, 25, 25, 27, 30, 31, 35, 38] (avg cost = 18.82)
Agente 42: [0, 2, 5, 8, 4, 11, 14, 17, 20, 9, 25, 25, 27] (avg cost = 12.85)
Agente 43: [0, 2, 5, 8, 9, 11, 14, 6, 20, 23, 25, 25, 27, 30, 33, 35, 38, 40, 42, 43, 43, 43, 43, 44] (avg cost = 25.38)
Agente 44: [0, 3, 5, 8, 10, 11, 14, 17, 20, 23, 25, 25, 27, 30, 33, 35, 38, 40, 42, 43, 43, 43, 43, 44, 38, 45, 45] (avg cost = 27.78)
Agente 45: [0, 3, 6, 8, 10, 10, 14, 17, 20, 18, 25] (avg cost = 11.91)
Agente 46: [0, 2, 5, 8, 10, 11, 15, 17, 20, 24, 25, 25, 28, 30, 32, 34, 38, 40, 43] (avg cost = 21.42)
Agente 47: [0, 3, 6, 8, 10, 11, 14, 17, 20, 23, 25, 25, 28, 30, 33, 35, 14, 40, 42, 43] (avg cost = 21.35)
Agente 48: [0, 3, 5, 8, 10, 11, 15, 17, 20, 22, 25, 25, 28, 31, 34, 35, 38, 40, 42, 43, 32, 43, 43, 44, 45, 46, 47, 46, 48, 48] (avg cost = 29.80)
Agente 49: [0, 3, 2, 8, 10, 11, 15, 17, 20, 23] (avg cost = 10.90)

Agente peggiore: 48 (costo medio = 29.80)

=== Dopo Ricerca Locale ===
Agente 0: [0, 0, 3, 6, 8, 10, 11, 15, 18, 20, 24, 25, 25, 28, 30, 34, 35, 38, 40, 43, 43, 43, 43, 43, 44, 44, 46, 47] (avg cost = 27.36)
Agente 1: [0, 0, 3, 6, 7, 10, 12, 15, 18, 20, 19, 25, 25, 28, 31, 34, 36, 38, 41, 43] (avg cost = 20.55)
Agente 2: [0, 0, 3, 6, 8, 10, 12, 15, 18, 20, 24, 25, 25, 28, 31, 33, 36, 38, 41, 43, 43] (avg cost = 21.86)
Agente 3: [0, 0, 3, 6, 8, 10, 12, 15, 18, 20, 24, 21] (avg cost = 11.42)
Agente 4: [0, 0, 3, 6, 8, 9, 12, 15, 18, 20, 24, 25, 25, 28, 31, 34, 35, 38, 19, 43, 43, 43, 43, 43, 44, 45, 46, 26] (avg cost = 25.93)
Agente 5: [0, 0, 3, 6, 8, 10, 12, 15, 18, 21, 24, 25, 25, 28, 31, 34, 36, 38] (avg cost = 18.56)
Agente 6: [0, 0, 3, 6, 9, 10, 12, 14, 18, 21, 24, 9, 25, 27, 13, 34, 35, 37, 41, 43] (avg cost = 19.05)
Agente 7: [0, 0, 3, 5, 9, 10, 11, 15, 6, 20, 24, 25, 26, 26, 30, 34, 35, 35, 41, 43] (avg cost = 19.90)
Agente 8: [0, 0, 3, 6, 9, 10, 12, 4, 17, 21, 24, 25, 26, 28, 31, 34, 36, 39, 41, 41, 43, 43, 43, 43, 44, 45, 46, 47, 47] (avg cost = 27.86)
Agente 9: [0, 1, 3, 6, 9, 10, 12, 15, 18, 21, 24, 25, 26, 28, 29, 34, 36, 39, 39, 43, 20, 43, 43, 43, 44] (avg cost = 24.44)
Agente 10: [0, 1, 3, 6, 9, 10, 12, 15, 18, 21, 24, 25, 25, 28, 28, 34, 36, 39, 41, 43, 43, 43, 43, 43, 43, 43, 46, 47] (avg cost = 27.46)
Agente 11: [0, 1, 3, 6, 9, 10, 12, 15, 18, 21, 24, 25, 26, 28, 31, 34, 36, 38, 41] (avg cost = 19.89)
Agente 12: [0, 1, 3, 6, 9, 10, 12, 15, 18, 21, 24, 22, 26, 28, 31, 34, 36, 39, 41, 43, 43, 43, 43] (avg cost = 23.83)
Agente 13: [0, 0, 1, 7, 8, 10, 12, 15, 18, 21, 25, 25] (avg cost = 11.83)
Agente 14: [0, 0, 3, 7, 9, 10, 12, 15, 18, 21] (avg cost = 9.50)
Agente 15: [0, 1, 4, 6, 9, 10, 12, 16, 17, 21, 25, 25, 26, 28, 31, 35] (avg cost = 16.62)
Agente 16: [0, 1, 4, 4, 9, 10, 13, 16, 18, 21, 25, 25, 25, 29, 32, 35, 36, 38, 41, 43, 43] (avg cost = 22.29)
Agente 17: [0, 1, 4, 1, 9, 10, 13, 16, 19, 20, 25, 25, 26, 28, 32, 35] (avg cost = 16.50)
Agente 18: [0, 1, 4, 7, 9, 10, 13, 16, 17, 21, 25, 25, 26, 28, 32, 35, 36, 39, 41, 36, 43, 43, 43, 43, 44, 45, 46] (avg cost = 26.96)
Agente 19: [0, 1, 1, 6, 9, 10, 13, 15, 18, 22, 23, 25, 25, 29, 29, 34, 36, 39, 42, 43, 43] (avg cost = 22.05)
Agente 20: [0, 1, 4, 7, 9, 7, 13, 16, 18, 22, 16] (avg cost = 10.27)
Agente 21: [0, 1, 4, 7, 9, 10, 13, 15, 19, 10, 25, 25] (avg cost = 11.50)
Agente 22: [0, 1, 4, 7, 2, 10, 13, 16, 18, 21, 25, 25, 26, 29] (avg cost = 14.07)
Agente 23: [0, 1, 4, 7, 9, 10, 13, 16, 19, 22, 25, 25, 26, 29, 32, 35, 36, 39] (avg cost = 19.33)
Agente 24: [0, 1, 4, 6, 9, 10, 13, 16, 19, 22, 25] (avg cost = 11.36)
Agente 25: [0, 1, 4, 4, 9, 10, 13, 16, 19, 22, 25, 25, 26, 29, 32, 35, 37, 39, 42, 24, 43] (avg cost = 21.67)
Agente 26: [0, 2, 4, 7, 10, 10, 13, 16, 19, 22, 25, 25, 26, 29, 32, 35, 37, 39, 42, 43, 29, 43, 43] (avg cost = 23.96)
Agente 27: [0, 2, 4, 7, 10, 10, 13, 16, 19, 22, 25, 25, 26, 29, 32, 32, 37, 39, 42, 43, 43, 43, 43, 43] (avg cost = 25.21)
Agente 28: [0, 1, 4, 7, 10, 10, 13, 16, 19, 22, 25, 25] (avg cost = 12.67)
Agente 29: [0, 2, 4, 7, 10, 4, 13, 16, 19, 22, 25, 25, 26, 29, 32, 35, 37, 39] (avg cost = 19.17)
Agente 30: [0, 2, 5, 7, 10, 10, 13, 16, 19, 22, 25, 25, 27] (avg cost = 13.92)
Agente 31: [0, 2, 5, 7, 10, 10, 13, 17, 19, 22, 25, 25, 27, 29, 32, 35, 37] (avg cost = 18.53)
Agente 32: [0, 2, 4, 7, 10, 10, 13, 17, 19, 22, 25, 25, 27] (avg cost = 13.92)
Agente 33: [0, 2, 5, 7, 10, 11, 14, 17, 19, 23] (avg cost = 10.80)
Agente 34: [0, 2, 5, 7, 10, 11, 14, 16, 19, 23, 25, 25, 27, 29, 32, 35, 37, 40, 42, 43, 43, 43, 43, 43, 44, 45, 23, 47] (avg cost = 27.61)
Agente 35: [0, 2, 5, 8, 10, 10, 14, 17, 19, 23, 24, 25, 26, 29, 33, 35, 37, 40] (avg cost = 19.83)
Agente 36: [0, 2, 3, 7, 10, 5, 14, 17, 20, 23, 25, 25, 27, 29, 33, 35] (avg cost = 17.19)
Agente 37: [0, 2, 5, 7, 10, 11, 14, 17, 19, 23, 25, 25, 27, 30, 33, 35, 37, 22, 42, 25, 43, 43, 43, 43, 44, 45, 46, 47, 47] (avg cost = 27.93)
Agente 38: [0, 2, 5, 8, 10, 11, 14, 17, 17, 23, 25, 25, 27, 30, 30, 35, 37, 40, 41, 43, 43, 43, 43, 43, 44, 45, 46] (avg cost = 27.67)
Agente 39: [0, 2, 5, 7, 10, 11, 14, 17, 20, 18, 25, 25, 27, 30, 33, 33, 37, 39, 42, 42, 43, 43, 43, 43, 45, 46] (avg cost = 26.92)
Agente 40: [0, 0, 5, 8, 10, 11, 14, 17, 20, 23, 24, 25, 12, 30, 33, 35, 37, 40, 42, 43, 43, 43, 43, 44, 45, 21, 47, 45, 47] (avg cost = 27.83)
Agente 41: [0, 2, 5, 7, 10, 11, 14, 17, 20, 23, 25, 25, 27, 30, 31, 35, 38] (avg cost = 18.82)
Agente 42: [0, 2, 5, 8, 4, 11, 14, 17, 20, 9, 25, 25, 27] (avg cost = 12.85)
Agente 43: [0, 2, 5, 8, 9, 11, 14, 6, 20, 23, 25, 25, 27, 30, 33, 35, 38, 40, 42, 43, 43, 43, 43, 44] (avg cost = 25.38)
Agente 44: [0, 3, 5, 8, 10, 11, 14, 17, 20, 23, 25, 25, 27, 30, 33, 35, 38, 40, 42, 43, 43, 43, 43, 44, 38, 45, 45] (avg cost = 27.78)
Agente 45: [0, 3, 6, 8, 10, 10, 14, 17, 20, 18, 25] (avg cost = 11.91)
Agente 46: [0, 2, 5, 8, 10, 11, 15, 17, 20, 24, 25, 25, 28, 30, 32, 34, 38, 40, 43] (avg cost = 21.42)
Agente 47: [0, 3, 6, 8, 10, 11, 14, 17, 20, 23, 25, 25, 28, 30, 33, 35, 14, 40, 42, 43] (avg cost = 21.35)
Agente 48: [0, 3, 5, 8, 10, 11, 15, 17, 20, 22, 25, 25, 28, 31, 34, 35, 38, 40, 42, 43, 32, 43, 43, 44, 45, 46, 47, 46, 48, 48] (avg cost = 29.80)
Agente 49: [0, 3, 2, 8, 10, 11, 15, 17, 20, 23] (avg cost = 10.90)

Agente peggiore dopo local search: 48 (costo medio = 29.80)