 Istanza: MMLE_4
- Agenti: 50
- Slot: 50

=== Soluzione Greedy ===
Agente 0: [0, 1, 1, 2, 5, 7, 10, 13, 13, 14, 20, 23, 26, 25, 27, 30, 31, 31, 33] (avg cost = 16.42)
Agente 1: [0, 1, 1, 2, 4, 8, 10, 12, 13, 16] (avg cost = 6.70)
Agente 2: [0, 1, 1, 2, 5, 8, 10, 13, 13, 17, 19, 23, 26, 26, 27, 30, 31, 30, 33, 30, 37, 38, 40, 41, 43, 45] (avg cost = 22.65)
Agente 3: [0, 1, 1, 2, 5, 8, 10, 13, 13, 16, 20, 23, 26, 26, 27, 30, 31, 32, 33, 35, 36, 39, 39, 42, 43, 45, 46, 47, 47] (avg cost = 25.38)
Agente 4: [0, 1, 1, 2, 5, 8, 10, 13, 13, 17, 20, 23, 26, 26, 27] (avg cost = 12.80)
Agente 5: [0, 1, 1, 3, 5, 8, 10, 13, 13, 17, 20, 23, 26, 26, 27, 30] (avg cost = 13.94)
Agente 6: [0, 0, 1, 2, 5, 8, 11, 13, 13, 17, 20] (avg cost = 8.18)
Agente 7: [0, 1, 1, 3, 5, 8, 11, 13, 13, 16, 20] (avg cost = 8.27)
Agente 8: [0, 1, 1, 2, 3, 8, 11, 13, 13, 17, 20, 23, 26, 26, 27, 30, 31, 32, 33, 35, 37] (avg cost = 18.52)
Agente 9: [0, 1, 1, 2, 5, 8, 11, 13, 14, 17, 20, 23, 22, 26, 28, 30, 31] (avg cost = 14.82)
Agente 10: [0, 1, 1, 3, 5, 8, 11, 13, 14, 17, 20, 23, 20, 26, 28, 31, 31, 32, 33] (avg cost = 16.68)
Agente 11: [0, 0, 1, 3, 5, 8, 11, 13, 13, 17, 20, 23, 26, 26, 28, 31] (avg cost = 14.06)
Agente 12: [0, 1, 1, 3, 5, 8, 11, 13, 14, 17] (avg cost = 7.30)
Agente 13: [0, 1, 1, 3, 5, 8, 9, 13, 14, 17, 4, 23] (avg cost = 8.17)
Agente 14: [0, 1, 1, 2, 6, 8, 11, 13, 14, 17, 20, 24, 26, 26, 28, 30, 31, 31, 33, 35, 37, 39] (avg cost = 19.68)
Agente 15: [0, 1, 1, 3, 6, 8, 11, 13, 14, 17, 20, 24, 25, 26, 26, 31, 31, 32, 12] (avg cost = 15.84)
Agente 16: [0, 1, 1, 3, 6, 8, 11, 13, 13, 17, 20, 23, 25, 26, 27, 31, 31, 32, 33, 35, 37, 39, 40, 42, 43, 45, 46, 46, 47] (avg cost = 25.55)
Agente 17: [0, 1, 1, 3, 6, 8, 11, 13, 14, 17, 20, 20, 26, 26, 28, 31, 31, 31, 33] (avg cost = 16.84)
Agente 18: [0, 1, 1, 3, 6, 8, 11, 13, 14, 18, 20, 22, 26, 26, 28, 31, 31, 32, 34, 35, 38, 39, 40, 42, 44, 45, 46] (avg cost = 24.22)
Agente 19: [0, 1, 1, 3, 6, 8, 11, 13, 14, 17, 21, 24, 26, 26, 28] (avg cost = 13.27)
Agente 20: [0, 1, 1, 3, 6, 8, 11, 13, 14, 18, 21, 24, 26, 26, 28, 31, 31, 32, 34, 35, 36, 38, 41, 42, 44, 45] (avg cost = 23.42)
Agente 21: [0, 1, 1, 3, 6, 8, 11, 12, 14, 18, 21, 24, 22, 26, 28, 31, 31, 32, 34, 35, 38, 39, 41, 42] (avg cost = 21.58)
Agente 22: [0, 1, 1, 3, 6, 8, 12, 9, 15, 18, 21, 24, 26, 26, 28, 31, 31, 32, 34, 36, 37, 38, 41, 42, 43, 45, 46, 47, 43] (avg cost = 25.66)
Agente 23: [0, 1, 1, 3, 6, 8, 12, 13, 15, 18, 21, 16, 26, 26, 29, 27, 31, 33, 34, 36, 38, 39, 41, 42, 44] (avg cost = 22.40)
Agente 24: [0, 1, 1, 3, 6, 9, 12, 13, 15, 18, 21, 24, 26, 26, 29] (avg cost = 13.60)
Agente 25: [0, 1, 1, 4, 6, 9, 12, 13, 15, 18, 21, 23, 26, 26, 6, 31, 31, 33, 34, 36, 37, 39] (avg cost = 19.18)
Agente 26: [0, 1, 1, 4, 6, 9, 12, 13, 15, 18, 21, 24, 26, 26, 28, 31, 31, 31, 34] (avg cost = 17.42)
Agente 27: [0, 1, 1, 4, 6, 9, 5, 13, 15, 18, 21, 24, 26, 26, 29, 31, 31, 33, 34, 36, 38, 39, 41, 42, 44] (avg cost = 22.68)
Agente 28: [0, 1, 1, 4, 6, 9, 12, 13, 15, 17, 21, 24, 26, 26, 28, 31, 31, 33, 34, 36, 38, 40, 41, 42, 44, 45] (avg cost = 23.77)
Agente 29: [0, 0, 1, 4, 6, 1, 12, 13, 14, 18, 21] (avg cost = 8.18)
Agente 30: [0, 1, 1, 4, 7, 9, 12, 13, 15, 18, 21, 25, 23, 26, 27, 31, 31, 33, 34, 36, 38, 40, 41, 43, 44, 45, 46, 47, 47] (avg cost = 26.14)
Agente 31: [0, 1, 1, 4, 7, 9, 12, 12, 15, 18, 22, 25, 26, 26, 29] (avg cost = 13.80)
Agente 32: [0, 1, 1, 4, 7, 9, 11, 13, 15, 18, 21, 25, 26, 26, 29, 31, 31, 33, 34, 36, 38] (avg cost = 19.48)
Agente 33: [0, 1, 1, 4, 6, 9, 12, 13, 15, 18, 22] (avg cost = 9.18)
Agente 34: [0, 1, 1, 4, 7, 9, 12, 13, 16, 19, 5, 25, 26, 26, 29, 31, 31] (avg cost = 15.00)
Agente 35: [0, 1, 2, 3, 7, 9, 12, 13, 16, 19, 10, 17, 26, 26, 29, 31, 31, 33, 35, 36, 32, 40, 41, 38, 44, 45] (avg cost = 22.92)
Agente 36: [0, 1, 2, 4, 7, 9, 12, 13, 13, 19, 22, 25, 26, 26, 29, 31, 31, 33, 35, 35, 38, 40, 41, 43, 44, 45, 46, 47, 47] (avg cost = 26.34)
Agente 37: [0, 1, 2, 4, 7, 9, 12, 13, 14, 19, 22, 25, 26, 26, 29, 31, 31, 33] (avg cost = 16.89)
Agente 38: [0, 1, 2, 4, 5, 9, 13, 13, 16, 19, 22, 25, 26, 26, 29, 31, 31, 33, 35] (avg cost = 17.89)
Agente 39: [0, 1, 1, 4, 7, 10, 12, 13, 16, 19] (avg cost = 8.30)
Agente 40: [1, 1, 2, 4, 7, 10, 13, 13, 16, 19, 22, 21, 26, 26, 29, 11, 31, 33, 35, 36, 38, 35, 34, 43, 45, 46, 47] (avg cost = 23.85)
Agente 41: [0, 1, 2, 4, 7, 9, 12, 13, 16, 19, 22, 25, 26] (avg cost = 12.00)
Agente 42: [1, 1, 0, 4, 6, 10, 13, 13, 16, 14, 22, 25, 26, 27, 29, 31, 31, 33, 35, 36, 38, 40, 41, 43, 45] (avg cost = 23.20)
Agente 43: [1, 1, 2, 5, 7, 10, 13, 13, 16, 19, 22, 25, 26, 27, 30, 31, 26] (avg cost = 16.12)
Agente 44: [0, 1, 2, 5, 7, 10, 13, 13, 16, 19, 22, 25, 26, 27, 29, 31, 31, 33, 35, 37, 38, 40, 41, 43, 45] (avg cost = 23.56)
Agente 45: [1, 1, 2, 5, 7, 9, 10, 13, 16, 19, 22, 25, 26, 27, 29] (avg cost = 14.13)
Agente 46: [1, 1, 2, 5, 7, 10, 13, 13, 16, 19, 22, 25, 26, 27, 30, 31, 31, 33, 35, 37, 38, 40, 42, 43, 44, 46, 46, 47, 48] (avg cost = 26.83)
Agente 47: [0, 1, 2, 5, 7, 10, 13, 13, 2, 19, 23, 25, 25, 27, 30, 29, 31, 33, 35, 36, 39, 36, 42, 43, 45, 45, 47, 44] (avg cost = 25.25)
Agente 48: [1, 1, 1, 5, 7, 10, 13, 7, 16, 19, 22, 25, 26, 27, 30, 31, 32, 33, 35, 37, 38] (avg cost = 19.81)
Agente 49: [0, 1, 2, 4, 7, 10, 12, 13, 16, 19, 22, 26, 26, 27, 30, 31, 31] (avg cost = 16.29)

Agente peggiore: 46 (costo medio = 26.83)

=== Dopo Ricerca Locale ===
Agente 0: [0, 1, 1, 2, 5, 7, 10, 13, 13, 14, 20, 23, 26, 25, 27, 30, 31, 31, 33] (avg cost = 16.42)
Agente 1: [0, 1, 1, 2, 4, 8, 10, 12, 13, 16] (avg cost = 6.70)
Agente 2: [0, 1, 1, 2, 5, 8, 10, 13, 13, 17, 19, 23, 26, 26, 27, 30, 31, 30, 33, 30, 37, 38, 40, 41, 43, 45] (avg cost = 22.65)
Agente 3: [0, 1, 1, 2, 5, 8, 10, 13, 13, 16, 20, 23, 26, 26, 27, 30, 31, 32, 33, 35, 36, 39, 39, 42, 43, 45, 46, 47, 47] (avg cost = 25.38)
Agente 4: [0, 1, 1, 2, 5, 8, 10, 13, 13, 17, 20, 23, 26, 26, 27] (avg cost = 12.80)
Agente 5: [0, 1, 1, 3, 5, 8, 10, 13, 13, 17, 20, 23, 26, 26, 27, 30] (avg cost = 13.94)
Agente 6: [0, 0, 1, 2, 5, 8, 11, 13, 13, 17, 20] (avg cost = 8.18)
Agente 7: [0, 1, 1, 3, 5, 8, 11, 13, 13, 16, 20] (avg cost = 8.27)
Agente 8: [0, 1, 1, 2, 3, 8, 11, 13, 13, 17, 20, 23, 26, 26, 27, 30, 31, 32, 33, 35, 37] (avg cost = 18.52)
Agente 9: [0, 1, 1, 2, 5, 8, 11, 13, 14, 17, 20, 23, 22, 26, 28, 30, 31] (avg cost = 14.82)
Agente 10: [0, 1, 1, 3, 5, 8, 11, 13, 14, 17, 20, 23, 20, 26, 28, 31, 31, 32, 33] (avg cost = 16.68)
Agente 11: [0, 0, 1, 3, 5, 8, 11, 13, 13, 17, 20, 23, 26, 26, 28, 31] (avg cost = 14.06)
Agente 12: [0, 1, 1, 3, 5, 8, 11, 13, 14, 17] (avg cost = 7.30)
Agente 13: [0, 1, 1, 3, 5, 8, 9, 13, 14, 17, 4, 23] (avg cost = 8.17)
Agente 14: [0, 1, 1, 2, 6, 8, 11, 13, 14, 17, 20, 24, 26, 26, 28, 30, 31, 31, 33, 35, 37, 39] (avg cost = 19.68)
Agente 15: [0, 1, 1, 3, 6, 8, 11, 13, 14, 17, 20, 24, 25, 26, 26, 31, 31, 32, 12] (avg cost = 15.84)
Agente 16: [0, 1, 1, 3, 6, 8, 11, 13, 13, 17, 20, 23, 25, 26, 27, 31, 31, 32, 33, 35, 37, 39, 40, 42, 43, 45, 46, 46, 47] (avg cost = 25.55)
Agente 17: [0, 1, 1, 3, 6, 8, 11, 13, 14, 17, 20, 20, 26, 26, 28, 31, 31, 31, 33] (avg cost = 16.84)
Agente 18: [0, 1, 1, 3, 6, 8, 11, 13, 14, 18, 20, 22, 26, 26, 28, 31, 31, 32, 34, 35, 38, 39, 40, 42, 44, 45, 46] (avg cost = 24.22)
Agente 19: [0, 1, 1, 3, 6, 8, 11, 13, 14, 17, 21, 24, 26, 26, 28] (avg cost = 13.27)
Agente 20: [0, 1, 1, 3, 6, 8, 11, 13, 14, 18, 21, 24, 26, 26, 28, 31, 31, 32, 34, 35, 36, 38, 41, 42, 44, 45] (avg cost = 23.42)
Agente 21: [0, 1, 1, 3, 6, 8, 11, 12, 14, 18, 21, 24, 22, 26, 28, 31, 31, 32, 34, 35, 38, 39, 41, 42] (avg cost = 21.58)
Agente 22: [0, 1, 1, 3, 6, 8, 12, 9, 15, 18, 21, 24, 26, 26, 28, 31, 31, 32, 34, 36, 37, 38, 41, 42, 43, 45, 46, 47, 43] (avg cost = 25.66)
Agente 23: [0, 1, 1, 3, 6, 8, 12, 13, 15, 18, 21, 16, 26, 26, 29, 27, 31, 33, 34, 36, 38, 39, 41, 42, 44] (avg cost = 22.40)
Agente 24: [0, 1, 1, 3, 6, 9, 12, 13, 15, 18, 21, 24, 26, 26, 29] (avg cost = 13.60)
Agente 25: [0, 1, 1, 4, 6, 9, 12, 13, 15, 18, 21, 23, 26, 26, 6, 31, 31, 33, 34, 36, 37, 39] (avg cost = 19.18)
Agente 26: [0, 1, 1, 4, 6, 9, 12, 13, 15, 18, 21, 24, 26, 26, 28, 31, 31, 31, 34] (avg cost = 17.42)
Agente 27: [0, 1, 1, 4, 6, 9, 5, 13, 15, 18, 21, 24, 26, 26, 29, 31, 31, 33, 34, 36, 38, 39, 41, 42, 44] (avg cost = 22.68)
Agente 28: [0, 1, 1, 4, 6, 9, 12, 13, 15, 17, 21, 24, 26, 26, 28, 31, 31, 33, 34, 36, 38, 40, 41, 42, 44, 45] (avg cost = 23.77)
Agente 29: [0, 0, 1, 4, 6, 1, 12, 13, 14, 18, 21] (avg cost = 8.18)
Agente 30: [0, 1, 1, 4, 7, 9, 12, 13, 15, 18, 21, 25, 23, 26, 27, 31, 31, 33, 34, 36, 38, 40, 41, 43, 44, 45, 46, 47, 47] (avg cost = 26.14)
Agente 31: [0, 1, 1, 4, 7, 9, 12, 12, 15, 18, 22, 25, 26, 26, 29] (avg cost = 13.80)
Agente 32: [0, 1, 1, 4, 7, 9, 11, 13, 15, 18, 21, 25, 26, 26, 29, 31, 31, 33, 34, 36, 38] (avg cost = 19.48)
Agente 33: [0, 1, 1, 4, 6, 9, 12, 13, 15, 18, 22] (avg cost = 9.18)
Agente 34: [0, 1, 1, 4, 7, 9, 12, 13, 16, 19, 5, 25, 26, 26, 29, 31, 31] (avg cost = 15.00)
Agente 35: [0, 1, 2, 3, 7, 9, 12, 13, 16, 19, 10, 17, 26, 26, 29, 31, 31, 33, 35, 36, 32, 40, 41, 38, 44, 45] (avg cost = 22.92)
Agente 36: [0, 1, 2, 4, 7, 9, 12, 13, 13, 19, 22, 25, 26, 26, 29, 31, 31, 33, 35, 35, 38, 40, 41, 43, 44, 45, 46, 47, 47] (avg cost = 26.34)
Agente 37: [0, 1, 2, 4, 7, 9, 12, 13, 14, 19, 22, 25, 26, 26, 29, 31, 31, 33] (avg cost = 16.89)
Agente 38: [0, 1, 2, 4, 5, 9, 13, 13, 16, 19, 22, 25, 26, 26, 29, 31, 31, 33, 35] (avg cost = 17.89)
Agente 39: [0, 1, 1, 4, 7, 10, 12, 13, 16, 19] (avg cost = 8.30)
Agente 40: [1, 1, 2, 4, 7, 10, 13, 13, 16, 19, 22, 21, 26, 26, 29, 11, 31, 33, 35, 36, 38, 35, 34, 43, 45, 46, 47] (avg cost = 23.85)
Agente 41: [0, 1, 2, 4, 7, 9, 12, 13, 16, 19, 22, 25, 26] (avg cost = 12.00)
Agente 42: [1, 1, 0, 4, 6, 10, 13, 13, 16, 14, 22, 25, 26, 27, 29, 31, 31, 33, 35, 36, 38, 40, 41, 43, 45] (avg cost = 23.20)
Agente 43: [1, 1, 2, 5, 7, 10, 13, 13, 16, 19, 22, 25, 26, 27, 30, 31, 26] (avg cost = 16.12)
Agente 44: [0, 1, 2, 5, 7, 10, 13, 13, 16, 19, 22, 25, 26, 27, 29, 31, 31, 33, 35, 37, 38, 40, 41, 43, 45] (avg cost = 23.56)
Agente 45: [1, 1, 2, 5, 7, 9, 10, 13, 16, 19, 22, 25, 26, 27, 29] (avg cost = 14.13)
Agente 46: [1, 1, 2, 5, 7, 10, 13, 13, 16, 19, 22, 25, 26, 27, 30, 31, 31, 33, 35, 37, 38, 40, 42, 43, 44, 46, 46, 47, 48] (avg cost = 26.83)
Agente 47: [0, 1, 2, 5, 7, 10, 13, 13, 2, 19, 23, 25, 25, 27, 30, 29, 31, 33, 35, 36, 39, 36, 42, 43, 45, 45, 47, 44] (avg cost = 25.25)
Agente 48: [1, 1, 1, 5, 7, 10, 13, 7, 16, 19, 22, 25, 26, 27, 30, 31, 32, 33, 35, 37, 38] (avg cost = 19.81)
Agente 49: [0, 1, 2, 4, 7, 10, 12, 13, 16, 19, 22, 26, 26, 27, 30, 31, 31] (avg cost = 16.29)

Agente peggiore dopo local search: 46 (costo medio = 26.83)