 Istanza: MMLE_3
- Agenti: 50
- Slot: 50

=== Soluzione Greedy ===
Agente 0: [0, 0, 3, 5, 7, 7, 9, 12, 14, 14, 15] (avg cost = 7.82)
Agente 1: [0, 0, 3, 5, 7, 7, 9, 12, 14, 14, 15, 17, 20, 23, 25, 28] (avg cost = 12.44)
Agente 2: [0, 0, 3, 5, 7, 7, 9, 12, 14, 14, 15, 16, 20, 22, 25, 28, 31, 33, 35, 37, 16, 37, 39, 41, 42] (avg cost = 20.32)
Agente 3: [0, 0, 3, 4, 7, 7, 9, 12, 14, 14, 15, 6, 20, 23, 26, 28, 31, 32, 35, 37, 37, 37, 39, 41, 42, 44, 45, 45, 47] (avg cost = 24.14)
Agente 4: [0, 0, 2, 5, 7, 7, 9, 11, 14, 14, 15, 17, 20, 9, 26, 13, 31, 33, 35] (avg cost = 14.11)
Agente 5: [0, 0, 0, 5, 7, 7, 9, 12, 14, 14, 15, 17, 20, 10, 26, 28, 31, 33, 35, 37] (avg cost = 16.00)
Agente 6: [0, 0, 3, 5, 7, 7, 9, 12, 14, 14, 15, 17, 20, 23, 26, 28, 31, 33] (avg cost = 14.67)
Agente 7: [0, 1, 3, 5, 7, 7, 9, 12, 14, 14, 15, 18, 9, 23, 26, 28, 30, 18, 35, 37, 37, 37, 39, 41, 42, 44] (avg cost = 21.19)
Agente 8: [0, 0, 3, 5, 7, 7, 9, 12, 14, 14, 15, 17, 21, 23, 26, 29, 31, 14, 35, 37] (avg cost = 15.95)
Agente 9: [0, 1, 3, 5, 7, 7, 9, 12, 14, 14, 15, 18, 21, 23, 26, 29, 31, 32, 35, 37, 37, 37, 39, 41, 39, 44, 44, 46, 47] (avg cost = 24.59)
Agente 10: [0, 1, 3, 5, 7, 7, 10, 12, 14, 14, 15] (avg cost = 8.00)
Agente 11: [0, 0, 3, 5, 7, 7, 10, 12, 14, 14, 15] (avg cost = 7.91)
Agente 12: [0, 0, 3, 5, 7, 7, 0, 12, 14, 14, 15, 18, 21, 23, 26, 28, 31, 33, 35, 37, 37, 37, 39, 41] (avg cost = 20.12)
Agente 13: [0, 1, 3, 6, 7, 7, 9, 12, 14, 14, 15, 18, 21, 23, 26, 29, 31, 32, 35, 37, 37] (avg cost = 17.95)
Agente 14: [0, 1, 3, 6, 7, 7, 10, 1, 14, 14, 15, 18, 21, 23] (avg cost = 10.00)
Agente 15: [0, 1, 3, 6, 7, 7, 10, 12, 14, 14, 15, 18, 19, 23, 26, 29, 31] (avg cost = 13.82)
Agente 16: [0, 1, 3, 6, 7, 7, 10, 13, 8, 7, 16, 18, 21] (avg cost = 9.00)
Agente 17: [0, 1, 3, 5, 7, 7, 10, 13, 14, 14, 16, 18, 21, 23, 26, 29, 31] (avg cost = 14.00)
Agente 18: [0, 0, 3, 6, 7, 7, 10, 13, 14, 14, 16, 17, 19, 23, 26, 29, 31, 33, 35, 37, 37, 38, 39, 37, 42, 44] (avg cost = 22.19)
Agente 19: [0, 1, 3, 6, 7, 7, 10, 13, 14, 14, 16, 18, 21, 24, 11, 29] (avg cost = 12.12)
Agente 20: [0, 1, 3, 6, 7, 7, 10, 13, 14, 14, 16, 18, 21, 23, 26, 29, 31, 33, 36, 37, 37, 38, 40, 41, 42, 43, 45, 46, 47, 47] (avg cost = 25.70)
Agente 21: [0, 1, 3, 6, 7, 8, 10, 13, 14, 14, 15, 18, 21, 24] (avg cost = 11.00)
Agente 22: [0, 0, 3, 6, 7, 8, 10, 13, 14, 14, 16, 18, 20, 24, 26, 27, 31, 33, 35, 37, 19, 37, 28, 41, 43] (avg cost = 20.40)
Agente 23: [0, 1, 3, 6, 7, 8, 10, 13, 14, 14, 16, 18, 21, 24, 26, 29, 31, 33, 36, 37, 37, 38, 39, 41, 42, 44, 45] (avg cost = 23.44)
Agente 24: [0, 1, 4, 6, 7, 8, 10, 13, 14, 14, 16, 18, 21, 24, 26] (avg cost = 12.13)
Agente 25: [0, 1, 4, 6, 7, 8, 10, 13, 14, 14, 16, 19, 21, 24, 26, 29, 31, 33, 35, 37, 37, 38, 40, 41, 43, 29, 43, 46, 46, 48] (avg cost = 25.30)
Agente 26: [0, 1, 4, 6, 2, 8, 10, 13, 14, 14, 16, 19, 22, 24, 27, 12, 31, 34, 36, 37, 37, 23] (avg cost = 17.73)
Agente 27: [0, 2, 4, 6, 7, 8, 10, 13, 14, 14, 16, 19, 22, 24, 27, 30] (avg cost = 13.50)
Agente 28: [0, 2, 3, 6, 7, 6, 10, 13, 14, 14, 16, 18, 19, 24] (avg cost = 10.86)
Agente 29: [0, 1, 4, 6, 7, 8, 10, 13, 14, 14, 16, 19, 22, 24, 26, 30, 31, 34, 36, 37, 37] (avg cost = 18.52)
Agente 30: [0, 2, 4, 6, 7, 8, 11, 13, 14, 14, 16, 19, 22, 23, 27, 30, 31, 25, 36, 37, 37, 38, 40, 24, 43, 40, 45] (avg cost = 22.67)
Agente 31: [0, 2, 4, 4, 7, 8, 10, 13, 4, 14, 16, 19, 21, 23, 27, 30, 31, 34, 36, 37, 37, 38, 40, 41, 43, 44, 45, 46, 47] (avg cost = 24.86)
Agente 32: [0, 2, 4, 7, 7, 8, 11, 14, 14, 14, 16, 19, 22, 24, 27, 27, 31, 34, 36, 37, 37, 38, 40, 41, 43, 37, 46, 46, 47, 47] (avg cost = 25.87)
Agente 33: [0, 2, 2, 6, 7, 8, 11, 13, 14, 14, 17, 19, 22, 24, 27, 30, 31, 34, 36, 37, 37, 38, 40, 42, 43, 44, 44, 46, 47, 48] (avg cost = 26.10)
Agente 34: [0, 2, 4, 7, 7, 8, 10, 14, 14, 14, 1, 19, 22] (avg cost = 9.38)
Agente 35: [0, 2, 4, 7, 7, 8, 11, 13, 14, 14, 17, 19, 22, 25, 27, 12, 31, 34, 36, 37, 37] (avg cost = 17.95)
Agente 36: [0, 2, 4, 7, 7, 8, 11, 14, 14, 14, 17, 19, 22, 25, 27, 29, 32, 34, 36, 37, 37, 37, 39, 42, 43] (avg cost = 22.28)
Agente 37: [0, 2, 4, 7, 7, 8, 11, 13, 14, 14, 17, 19, 22, 24, 27, 30, 32] (avg cost = 14.76)
Agente 38: [0, 2, 4, 7, 7, 8, 11, 13, 14, 14, 17, 20, 22, 25, 26, 30, 32, 34, 37, 37, 37, 38, 40, 42, 43, 44, 45] (avg cost = 24.04)
Agente 39: [0, 2, 4, 7, 7, 8, 11, 3, 14, 14, 17, 19, 22, 25, 27, 30, 32, 34, 37] (avg cost = 16.47)
Agente 40: [0, 2, 4, 6, 7, 8, 11, 14, 14, 14, 17, 20, 22, 25, 27, 30, 32, 34, 17, 37, 37, 38, 40, 42, 43, 44] (avg cost = 22.50)
Agente 41: [0, 2, 4, 7, 7, 8, 11, 14, 14, 14, 17, 20, 21, 23, 27, 30, 32, 34, 36, 37, 22, 39, 40] (avg cost = 19.96)
Agente 42: [0, 2, 4, 7, 7, 8, 11, 14, 14, 14, 17, 20, 22, 25, 27, 30, 32, 34, 37, 37] (avg cost = 18.10)
Agente 43: [0, 2, 5, 7, 7, 8, 11, 14, 14, 14, 16, 20, 22, 25, 27] (avg cost = 12.80)
Agente 44: [0, 2, 5, 7, 7, 8, 11, 14, 14, 14] (avg cost = 8.20)
Agente 45: [0, 2, 5, 7, 7, 9, 11, 14, 5, 14, 17, 20, 22, 25, 27, 28, 31, 30, 37, 37, 37, 39, 40, 42, 43, 45] (avg cost = 22.85)
Agente 46: [0, 2, 5, 7, 7, 9, 12, 14, 14, 14, 17, 18, 22, 25, 28, 31, 31, 35, 37, 37, 37, 38, 40, 42, 44, 44, 46] (avg cost = 24.30)
Agente 47: [0, 2, 5, 7, 7, 9, 12, 14, 14, 14, 17, 9, 23, 25, 28, 31, 32, 34, 37, 37, 24, 38, 20, 42, 44, 45] (avg cost = 21.92)
Agente 48: [0, 2, 4, 7, 7, 9, 11, 14, 14, 15, 17, 20, 22, 25, 28, 28, 32, 34, 35, 37, 37, 39] (avg cost = 19.86)
Agente 49: [0, 2, 5, 5, 7, 9, 11, 14, 14, 15, 17, 20, 23, 25, 28, 31, 31, 34] (avg cost = 16.17)

Agente peggiore: 33 (costo medio = 26.10)

=== Dopo Ricerca Locale ===
Agente 0: [0, 0, 3, 5, 7, 7, 9, 12, 14, 14, 15] (avg cost = 7.82)
Agente 1: [0, 0, 3, 5, 7, 7, 9, 12, 14, 14, 15, 17, 20, 23, 25, 28] (avg cost = 12.44)
Agente 2: [0, 0, 3, 5, 7, 7, 9, 12, 14, 14, 15, 16, 20, 22, 25, 28, 31, 33, 35, 37, 16, 37, 39, 41, 42] (avg cost = 20.32)
Agente 3: [0, 0, 3, 4, 7, 7, 9, 12, 14, 14, 15, 6, 20, 23, 26, 28, 31, 32, 35, 37, 37, 37, 39, 41, 42, 44, 45, 45, 47] (avg cost = 24.14)
Agente 4: [0, 0, 2, 5, 7, 7, 9, 11, 14, 14, 15, 17, 20, 9, 26, 13, 31, 33, 35] (avg cost = 14.11)
Agente 5: [0, 0, 0, 5, 7, 7, 9, 12, 14, 14, 15, 17, 20, 10, 26, 28, 31, 33, 35, 37] (avg cost = 16.00)
Agente 6: [0, 0, 3, 5, 7, 7, 9, 12, 14, 14, 15, 17, 20, 23, 26, 28, 31, 33] (avg cost = 14.67)
Agente 7: [0, 1, 3, 5, 7, 7, 9, 12, 14, 14, 15, 18, 9, 23, 26, 28, 30, 18, 35, 37, 37, 37, 39, 41, 42, 44] (avg cost = 21.19)
Agente 8: [0, 0, 3, 5, 7, 7, 9, 12, 14, 14, 15, 17, 21, 23, 26, 29, 31, 14, 35, 37] (avg cost = 15.95)
Agente 9: [0, 1, 3, 5, 7, 7, 9, 12, 14, 14, 15, 18, 21, 23, 26, 29, 31, 32, 35, 37, 37, 37, 39, 41, 39, 44, 44, 46, 47] (avg cost = 24.59)
Agente 10: [0, 1, 3, 5, 7, 7, 10, 12, 14, 14, 15] (avg cost = 8.00)
Agente 11: [0, 0, 3, 5, 7, 7, 10, 12, 14, 14, 15] (avg cost = 7.91)
Agente 12: [0, 0, 3, 5, 7, 7, 0, 12, 14, 14, 15, 18, 21, 23, 26, 28, 31, 33, 35, 37, 37, 37, 39, 41] (avg cost = 20.12)
Agente 13: [0, 1, 3, 6, 7, 7, 9, 12, 14, 14, 15, 18, 21, 23, 26, 29, 31, 32, 35, 37, 37] (avg cost = 17.95)
Agente 14: [0, 1, 3, 6, 7, 7, 10, 1, 14, 14, 15, 18, 21, 23] (avg cost = 10.00)
Agente 15: [0, 1, 3, 6, 7, 7, 10, 12, 14, 14, 15, 18, 19, 23, 26, 29, 31] (avg cost = 13.82)
Agente 16: [0, 1, 3, 6, 7, 7, 10, 13, 8, 7, 16, 18, 21] (avg cost = 9.00)
Agente 17: [0, 1, 3, 5, 7, 7, 10, 13, 14, 14, 16, 18, 21, 23, 26, 29, 31] (avg cost = 14.00)
Agente 18: [0, 0, 3, 6, 7, 7, 10, 13, 14, 14, 16, 17, 19, 23, 26, 29, 31, 33, 35, 37, 37, 38, 39, 37, 42, 44] (avg cost = 22.19)
Agente 19: [0, 1, 3, 6, 7, 7, 10, 13, 14, 14, 16, 18, 21, 24, 11, 29] (avg cost = 12.12)
Agente 20: [0, 1, 3, 6, 7, 7, 10, 13, 14, 14, 16, 18, 21, 23, 26, 29, 31, 33, 36, 37, 37, 38, 40, 41, 42, 43, 45, 46, 47, 47] (avg cost = 25.70)
Agente 21: [0, 1, 3, 6, 7, 8, 10, 13, 14, 14, 15, 18, 21, 24] (avg cost = 11.00)
Agente 22: [0, 0, 3, 6, 7, 8, 10, 13, 14, 14, 16, 18, 20, 24, 26, 27, 31, 33, 35, 37, 19, 37, 28, 41, 43] (avg cost = 20.40)
Agente 23: [0, 1, 3, 6, 7, 8, 10, 13, 14, 14, 16, 18, 21, 24, 26, 29, 31, 33, 36, 37, 37, 38, 39, 41, 42, 44, 45] (avg cost = 23.44)
Agente 24: [0, 1, 4, 6, 7, 8, 10, 13, 14, 14, 16, 18, 21, 24, 26] (avg cost = 12.13)
Agente 25: [0, 1, 4, 6, 7, 8, 10, 13, 14, 14, 16, 19, 21, 24, 26, 29, 31, 33, 35, 37, 37, 38, 40, 41, 43, 29, 43, 46, 46, 48] (avg cost = 25.30)
Agente 26: [0, 1, 4, 6, 2, 8, 10, 13, 14, 14, 16, 19, 22, 24, 27, 12, 31, 34, 36, 37, 37, 23] (avg cost = 17.73)
Agente 27: [0, 2, 4, 6, 7, 8, 10, 13, 14, 14, 16, 19, 22, 24, 27, 30] (avg cost = 13.50)
Agente 28: [0, 2, 3, 6, 7, 6, 10, 13, 14, 14, 16, 18, 19, 24] (avg cost = 10.86)
Agente 29: [0, 1, 4, 6, 7, 8, 10, 13, 14, 14, 16, 19, 22, 24, 26, 30, 31, 34, 36, 37, 37] (avg cost = 18.52)
Agente 30: [0, 2, 4, 6, 7, 8, 11, 13, 14, 14, 16, 19, 22, 23, 27, 30, 31, 25, 36, 37, 37, 38, 40, 24, 43, 40, 45] (avg cost = 22.67)
Agente 31: [0, 2, 4, 4, 7, 8, 10, 13, 4, 14, 16, 19, 21, 23, 27, 30, 31, 34, 36, 37, 37, 38, 40, 41, 43, 44, 45, 46, 47] (avg cost = 24.86)
Agente 32: [0, 2, 4, 7, 7, 8, 11, 14, 14, 14, 16, 19, 22, 24, 27, 27, 31, 34, 36, 37, 37, 38, 40, 41, 43, 37, 46, 46, 47, 47] (avg cost = 25.87)
Agente 33: [0, 2, 2, 6, 7, 8, 11, 13, 14, 14, 17, 19, 22, 24, 27, 30, 31, 34, 36, 37, 37, 38, 40, 42, 43, 44, 44, 46, 47, 48] (avg cost = 26.10)
Agente 34: [0, 2, 4, 7, 7, 8, 10, 14, 14, 14, 1, 19, 22] (avg cost = 9.38)
Agente 35: [0, 2, 4, 7, 7, 8, 11, 13, 14, 14, 17, 19, 22, 25, 27, 12, 31, 34, 36, 37, 37] (avg cost = 17.95)
Agente 36: [0, 2, 4, 7, 7, 8, 11, 14, 14, 14, 17, 19, 22, 25, 27, 29, 32, 34, 36, 37, 37, 37, 39, 42, 43] (avg cost = 22.28)
Agente 37: [0, 2, 4, 7, 7, 8, 11, 13, 14, 14, 17, 19, 22, 24, 27, 30, 32] (avg cost = 14.76)
Agente 38: [0, 2, 4, 7, 7, 8, 11, 13, 14, 14, 17, 20, 22, 25, 26, 30, 32, 34, 37, 37, 37, 38, 40, 42, 43, 44, 45] (avg cost = 24.04)
Agente 39: [0, 2, 4, 7, 7, 8, 11, 3, 14, 14, 17, 19, 22, 25, 27, 30, 32, 34, 37] (avg cost = 16.47)
Agente 40: [0, 2, 4, 6, 7, 8, 11, 14, 14, 14, 17, 20, 22, 25, 27, 30, 32, 34, 17, 37, 37, 38, 40, 42, 43, 44] (avg cost = 22.50)
Agente 41: [0, 2, 4, 7, 7, 8, 11, 14, 14, 14, 17, 20, 21, 23, 27, 30, 32, 34, 36, 37, 22, 39, 40] (avg cost = 19.96)
Agente 42: [0, 2, 4, 7, 7, 8, 11, 14, 14, 14, 17, 20, 22, 25, 27, 30, 32, 34, 37, 37] (avg cost = 18.10)
Agente 43: [0, 2, 5, 7, 7, 8, 11, 14, 14, 14, 16, 20, 22, 25, 27] (avg cost = 12.80)
Agente 44: [0, 2, 5, 7, 7, 8, 11, 14, 14, 14] (avg cost = 8.20)
Agente 45: [0, 2, 5, 7, 7, 9, 11, 14, 5, 14, 17, 20, 22, 25, 27, 28, 31, 30, 37, 37, 37, 39, 40, 42, 43, 45] (avg cost = 22.85)
Agente 46: [0, 2, 5, 7, 7, 9, 12, 14, 14, 14, 17, 18, 22, 25, 28, 31, 31, 35, 37, 37, 37, 38, 40, 42, 44, 44, 46] (avg cost = 24.30)
Agente 47: [0, 2, 5, 7, 7, 9, 12, 14, 14, 14, 17, 9, 23, 25, 28, 31, 32, 34, 37, 37, 24, 38, 20, 42, 44, 45] (avg cost = 21.92)
Agente 48: [0, 2, 4, 7, 7, 9, 11, 14, 14, 15, 17, 20, 22, 25, 28, 28, 32, 34, 35, 37, 37, 39] (avg cost = 19.86)
Agente 49: [0, 2, 5, 5, 7, 9, 11, 14, 14, 15, 17, 20, 23, 25, 28, 31, 31, 34] (avg cost = 16.17)

Agente peggiore dopo local search: 33 (costo medio = 26.10)