 Istanza: MMLE_1
- Agenti: 50
- Slot: 50

=== Soluzione Greedy ===
Agente 0: [0, 0, 1, 4, 6, 9, 9, 10, 13, 15, 19, 14, 22, 26, 28, 30, 32, 35, 37, 39, 15, 41, 43, 44, 45, 45, 45, 46, 47] (avg cost = 24.83)
Agente 1: [0, 0, 1, 4, 6, 9, 9, 10, 13, 15, 18, 22, 24, 26, 28, 30, 33, 35, 37, 38, 40, 40, 43, 45, 45, 45, 45] (avg cost = 24.48)
Agente 2: [0, 0, 1, 4, 6, 9, 9, 10, 13, 15, 19, 22, 24, 26, 28, 30, 33, 35, 37, 39, 40, 41, 43] (avg cost = 21.04)
Agente 3: [0, 0, 0, 0, 7, 9, 9, 10, 13, 15, 19, 22, 23, 26, 28, 30] (avg cost = 13.19)
Agente 4: [0, 0, 1, 1, 0, 9, 9, 10, 12, 16, 17, 22, 12, 26, 28] (avg cost = 10.87)
Agente 5: [0, 0, 1, 4, 7, 1, 9, 10, 13, 16, 19, 22, 24, 26, 28, 30, 33, 14, 37] (avg cost = 15.47)
Agente 6: [0, 0, 1, 4, 7, 9, 9, 10, 13, 16, 19, 22, 24, 26, 28, 29, 33, 35, 37, 40, 40, 41, 43, 45, 45, 45] (avg cost = 23.88)
Agente 7: [0, 0, 1, 4, 7, 0, 9, 9, 13, 16, 19, 22, 24, 26, 24, 16, 33, 35, 37, 39, 40, 40, 43, 45, 45, 45, 46, 47] (avg cost = 24.46)
Agente 8: [0, 0, 0, 4, 7, 9, 9, 10, 13, 16, 19, 22] (avg cost = 9.08)
Agente 9: [0, 0, 1, 4, 7, 9, 9, 10, 13, 16, 18, 22, 24, 26] (avg cost = 11.36)
Agente 10: [0, 0, 1, 4, 7, 9, 9, 6, 13, 16, 19, 22, 24, 26, 28, 31, 33, 35, 37, 40, 40, 41, 43] (avg cost = 21.04)
Agente 11: [0, 0, 1, 4, 6, 9, 9, 10, 13, 16, 19, 22, 24, 27, 28, 30, 33, 35, 38, 40, 40, 41, 40, 45] (avg cost = 22.08)
Agente 12: [0, 0, 2, 4, 7, 6, 9, 11, 13, 16, 19, 22, 24, 27, 28, 31, 33, 35, 38, 40, 40] (avg cost = 19.29)
Agente 13: [0, 0, 2, 4, 7, 9, 9, 10, 13, 16, 19, 22, 24, 26, 27] (avg cost = 12.53)
Agente 14: [0, 0, 1, 4, 7, 9, 9, 11, 13, 16, 19, 22, 24, 27, 28, 31, 32, 35, 35, 40, 40, 41, 44, 45] (avg cost = 22.21)
Agente 15: [0, 0, 2, 4, 7, 9, 9, 11, 13, 15, 19, 22, 24, 27] (avg cost = 11.57)
Agente 16: [0, 0, 2, 4, 7, 9, 9, 11, 13, 16, 19, 22, 24, 23, 27, 31, 33, 35, 38, 40, 38, 41, 44, 45, 28] (avg cost = 22.36)
Agente 17: [0, 0, 2, 4, 7, 9, 9, 11, 8, 16, 19, 22] (avg cost = 8.92)
Agente 18: [0, 0, 2, 4, 7, 9, 9, 11, 14, 16, 19, 22, 20, 27, 28, 31, 33, 35, 38, 40, 40] (avg cost = 19.29)
Agente 19: [0, 0, 2, 4, 7, 9, 9, 11, 14, 16, 20, 22, 24, 27, 28, 31, 33, 36, 38, 39, 40, 41, 17] (avg cost = 20.35)
Agente 20: [0, 0, 2, 5, 8, 9, 9, 11, 14, 17, 20, 22, 24, 27, 28, 30, 32, 34, 38, 40, 40, 41] (avg cost = 20.50)
Agente 21: [0, 0, 2, 5, 7, 9, 9, 11, 14, 17] (avg cost = 7.40)
Agente 22: [0, 0, 2, 4, 8, 9, 9, 11, 13, 17, 20, 22, 24, 26, 29, 31, 33] (avg cost = 15.18)
Agente 23: [0, 0, 2, 4, 8, 9, 9, 11, 14, 16, 20, 22, 24, 27, 25, 31, 33, 36, 38] (avg cost = 17.32)
Agente 24: [0, 0, 2, 5, 4, 9, 9, 11, 14, 17, 20, 22, 24] (avg cost = 10.54)
Agente 25: [0, 0, 2, 5, 6, 9, 9, 11, 14, 17, 20, 22, 24, 27, 29, 31, 34, 36, 36, 40, 40, 42, 44, 45] (avg cost = 22.62)
Agente 26: [0, 0, 2, 5, 8, 9, 9, 11, 14, 17, 20, 22, 25] (avg cost = 10.92)
Agente 27: [0, 0, 2, 5, 8, 9, 9, 12, 14, 17, 20, 22, 24, 27, 29, 31, 34, 10, 38, 40, 40, 42, 44, 45, 32, 45, 46] (avg cost = 23.89)
Agente 28: [0, 0, 2, 5, 8, 9, 9, 11, 14, 17, 20, 22, 25, 27, 29, 31, 34, 36, 38, 40, 40, 42, 42] (avg cost = 21.78)
Agente 29: [0, 0, 2, 2, 8, 9, 9, 12, 14, 17, 20] (avg cost = 8.45)
Agente 30: [0, 0, 2, 5, 8, 9, 9, 12, 14, 17, 20, 22, 25, 27, 29, 31, 34, 36, 38, 40, 40, 42, 44, 45, 45, 45, 46, 47, 47, 48] (avg cost = 27.57)
Agente 31: [0, 0, 3, 5, 8, 9, 9, 12, 14, 17, 14, 23, 25, 27, 29, 22, 33, 36, 38, 40, 40, 42, 26, 44] (avg cost = 21.50)
Agente 32: [0, 0, 3, 5, 6, 9, 9, 12, 10, 17, 20, 22, 25] (avg cost = 10.62)
Agente 33: [0, 0, 3, 5, 8, 9, 9, 12, 14, 17, 20, 23, 25, 27] (avg cost = 12.29)
Agente 34: [0, 0, 3, 4, 8, 9, 9, 12, 14, 17, 20, 23, 24, 27, 29, 31, 34, 36, 38, 40, 13, 42, 44, 45, 45, 45, 45, 47] (avg cost = 25.14)
Agente 35: [0, 0, 3, 5, 8, 9, 9, 12, 14, 17, 20, 23, 25, 27, 29, 32, 34, 36, 38, 40, 40, 42, 44, 45, 45, 45, 46, 47, 47] (avg cost = 26.97)
Agente 36: [0, 0, 3, 5, 8, 9, 9, 11, 15, 17, 21, 23, 25, 9, 29, 32, 34, 36, 38] (avg cost = 17.05)
Agente 37: [0, 0, 3, 6, 8, 9, 9, 12, 15, 17, 21, 23, 25] (avg cost = 11.38)
Agente 38: [0, 0, 3, 6, 8, 9, 9, 12, 15, 18, 21, 18, 25, 27, 29, 32, 34, 36, 39, 40] (avg cost = 19.05)
Agente 39: [0, 0, 3, 6, 8, 9, 9, 12, 15, 18, 21, 23] (avg cost = 10.33)
Agente 40: [0, 0, 1, 5, 8, 9, 9, 12, 14, 18, 21, 23, 25, 27, 29, 29, 34, 36, 39, 40, 40, 42, 44, 45, 45] (avg cost = 23.80)
Agente 41: [0, 1, 3, 6, 8, 9, 9, 12, 15, 18, 21, 15, 25, 27, 26, 32, 34, 36] (avg cost = 16.50)
Agente 42: [0, 1, 3, 6, 8, 9, 9, 12, 15, 18, 21, 17, 26, 27, 29, 32, 34, 36, 39, 40, 40, 25, 44, 45, 45, 45, 46, 47] (avg cost = 25.68)
Agente 43: [0, 1, 3, 6, 9, 9, 9, 12, 15, 18, 21, 23, 26, 27, 29, 32, 35, 36, 39, 40, 40, 42, 44, 26, 45, 45, 46] (avg cost = 25.11)
Agente 44: [0, 1, 3, 6, 9, 9, 10, 12, 15, 18, 21, 23, 26, 27, 29, 32] (avg cost = 15.06)
Agente 45: [0, 1, 3, 6, 9, 5, 10, 12, 15, 18, 21, 23, 26, 27, 30, 32, 34, 37, 39, 40] (avg cost = 19.40)
Agente 46: [0, 1, 3, 6, 9, 9, 10, 12, 15, 18, 21, 23, 26, 27, 30, 31, 35, 37, 39, 40, 39, 42, 45, 45, 45, 42, 46, 43, 48] (avg cost = 27.14)
Agente 47: [0, 0, 3, 6, 9, 9, 10, 7, 15, 18, 21, 21, 26, 27, 30, 32, 35, 37, 39, 40, 40, 43, 43, 28] (avg cost = 22.46)
Agente 48: [0, 1, 3, 6, 5, 9, 10, 13, 15, 18, 22, 23, 26, 27, 30, 32, 34, 37, 20, 40, 40] (avg cost = 19.57)
Agente 49: [0, 1, 3, 6, 9, 9, 10, 11, 15, 18, 22, 23, 26, 27, 30, 32, 35, 37, 38, 40, 41, 40, 41, 45, 45, 37, 46] (avg cost = 25.44)

Agente peggiore: 30 (costo medio = 27.57)

=== Dopo Ricerca Locale ===
Agente 0: [0, 0, 1, 4, 6, 9, 9, 10, 13, 15, 19, 14, 22, 26, 28, 30, 32, 35, 37, 39, 15, 41, 43, 44, 45, 45, 45, 46, 47] (avg cost = 24.83)
Agente 1: [0, 0, 1, 4, 6, 9, 9, 10, 13, 15, 18, 22, 24, 26, 28, 30, 33, 35, 37, 38, 40, 40, 43, 45, 45, 45, 45] (avg cost = 24.48)
Agente 2: [0, 0, 1, 4, 6, 9, 9, 10, 13, 15, 19, 22, 24, 26, 28, 30, 33, 35, 37, 39, 40, 41, 43] (avg cost = 21.04)
Agente 3: [0, 0, 0, 0, 7, 9, 9, 10, 13, 15, 19, 22, 23, 26, 28, 30] (avg cost = 13.19)
Agente 4: [0, 0, 1, 1, 0, 9, 9, 10, 12, 16, 17, 22, 12, 26, 28] (avg cost = 10.87)
Agente 5: [0, 0, 1, 4, 7, 1, 9, 10, 13, 16, 19, 22, 24, 26, 28, 30, 33, 14, 37] (avg cost = 15.47)
Agente 6: [0, 0, 1, 4, 7, 9, 9, 10, 13, 16, 19, 22, 24, 26, 28, 29, 33, 35, 37, 40, 40, 41, 43, 45, 45, 45] (avg cost = 23.88)
Agente 7: [0, 0, 1, 4, 7, 0, 9, 9, 13, 16, 19, 22, 24, 26, 24, 16, 33, 35, 37, 39, 40, 40, 43, 45, 45, 45, 46, 47] (avg cost = 24.46)
Agente 8: [0, 0, 0, 4, 7, 9, 9, 10, 13, 16, 19, 22] (avg cost = 9.08)
Agente 9: [0, 0, 1, 4, 7, 9, 9, 10, 13, 16, 18, 22, 24, 26] (avg cost = 11.36)
Agente 10: [0, 0, 1, 4, 7, 9, 9, 6, 13, 16, 19, 22, 24, 26, 28, 31, 33, 35, 37, 40, 40, 41, 43] (avg cost = 21.04)
Agente 11: [0, 0, 1, 4, 6, 9, 9, 10, 13, 16, 19, 22, 24, 27, 28, 30, 33, 35, 38, 40, 40, 41, 40, 45] (avg cost = 22.08)
Agente 12: [0, 0, 2, 4, 7, 6, 9, 11, 13, 16, 19, 22, 24, 27, 28, 31, 33, 35, 38, 40, 40] (avg cost = 19.29)
Agente 13: [0, 0, 2, 4, 7, 9, 9, 10, 13, 16, 19, 22, 24, 26, 27] (avg cost = 12.53)
Agente 14: [0, 0, 1, 4, 7, 9, 9, 11, 13, 16, 19, 22, 24, 27, 28, 31, 32, 35, 35, 40, 40, 41, 44, 45] (avg cost = 22.21)
Agente 15: [0, 0, 2, 4, 7, 9, 9, 11, 13, 15, 19, 22, 24, 27] (avg cost = 11.57)
Agente 16: [0, 0, 2, 4, 7, 9, 9, 11, 13, 16, 19, 22, 24, 23, 27, 31, 33, 35, 38, 40, 38, 41, 44, 45, 28] (avg cost = 22.36)
Agente 17: [0, 0, 2, 4, 7, 9, 9, 11, 8, 16, 19, 22] (avg cost = 8.92)
Agente 18: [0, 0, 2, 4, 7, 9, 9, 11, 14, 16, 19, 22, 20, 27, 28, 31, 33, 35, 38, 40, 40] (avg cost = 19.29)
Agente 19: [0, 0, 2, 4, 7, 9, 9, 11, 14, 16, 20, 22, 24, 27, 28, 31, 33, 36, 38, 39, 40, 41, 17] (avg cost = 20.35)
Agente 20: [0, 0, 2, 5, 8, 9, 9, 11, 14, 17, 20, 22, 24, 27, 28, 30, 32, 34, 38, 40, 40, 41] (avg cost = 20.50)
Agente 21: [0, 0, 2, 5, 7, 9, 9, 11, 14, 17] (avg cost = 7.40)
Agente 22: [0, 0, 2, 4, 8, 9, 9, 11, 13, 17, 20, 22, 24, 26, 29, 31, 33] (avg cost = 15.18)
Agente 23: [0, 0, 2, 4, 8, 9, 9, 11, 14, 16, 20, 22, 24, 27, 25, 31, 33, 36, 38] (avg cost = 17.32)
Agente 24: [0, 0, 2, 5, 4, 9, 9, 11, 14, 17, 20, 22, 24] (avg cost = 10.54)
Agente 25: [0, 0, 2, 5, 6, 9, 9, 11, 14, 17, 20, 22, 24, 27, 29, 31, 34, 36, 36, 40, 40, 42, 44, 45] (avg cost = 22.62)
Agente 26: [0, 0, 2, 5, 8, 9, 9, 11, 14, 17, 20, 22, 25] (avg cost = 10.92)
Agente 27: [0, 0, 2, 5, 8, 9, 9, 12, 14, 17, 20, 22, 24, 27, 29, 31, 34, 10, 38, 40, 40, 42, 44, 45, 32, 45, 46] (avg cost = 23.89)
Agente 28: [0, 0, 2, 5, 8, 9, 9, 11, 14, 17, 20, 22, 25, 27, 29, 31, 34, 36, 38, 40, 40, 42, 42] (avg cost = 21.78)
Agente 29: [0, 0, 2, 2, 8, 9, 9, 12, 14, 17, 20] (avg cost = 8.45)
Agente 30: [0, 0, 2, 5, 8, 9, 9, 12, 14, 17, 20, 22, 25, 27, 29, 31, 34, 36, 38, 40, 40, 42, 44, 45, 45, 45, 46, 47, 47, 48] (avg cost = 27.57)
Agente 31: [0, 0, 3, 5, 8, 9, 9, 12, 14, 17, 14, 23, 25, 27, 29, 22, 33, 36, 38, 40, 40, 42, 26, 44] (avg cost = 21.50)
Agente 32: [0, 0, 3, 5, 6, 9, 9, 12, 10, 17, 20, 22, 25] (avg cost = 10.62)
Agente 33: [0, 0, 3, 5, 8, 9, 9, 12, 14, 17, 20, 23, 25, 27] (avg cost = 12.29)
Agente 34: [0, 0, 3, 4, 8, 9, 9, 12, 14, 17, 20, 23, 24, 27, 29, 31, 34, 36, 38, 40, 13, 42, 44, 45, 45, 45, 45, 47] (avg cost = 25.14)
Agente 35: [0, 0, 3, 5, 8, 9, 9, 12, 14, 17, 20, 23, 25, 27, 29, 32, 34, 36, 38, 40, 40, 42, 44, 45, 45, 45, 46, 47, 47] (avg cost = 26.97)
Agente 36: [0, 0, 3, 5, 8, 9, 9, 11, 15, 17, 21, 23, 25, 9, 29, 32, 34, 36, 38] (avg cost = 17.05)
Agente 37: [0, 0, 3, 6, 8, 9, 9, 12, 15, 17, 21, 23, 25] (avg cost = 11.38)
Agente 38: [0, 0, 3, 6, 8, 9, 9, 12, 15, 18, 21, 18, 25, 27, 29, 32, 34, 36, 39, 40] (avg cost = 19.05)
Agente 39: [0, 0, 3, 6, 8, 9, 9, 12, 15, 18, 21, 23] (avg cost = 10.33)
Agente 40: [0, 0, 1, 5, 8, 9, 9, 12, 14, 18, 21, 23, 25, 27, 29, 29, 34, 36, 39, 40, 40, 42, 44, 45, 45] (avg cost = 23.80)
Agente 41: [0, 1, 3, 6, 8, 9, 9, 12, 15, 18, 21, 15, 25, 27, 26, 32, 34, 36] (avg cost = 16.50)
Agente 42: [0, 1, 3, 6, 8, 9, 9, 12, 15, 18, 21, 17, 26, 27, 29, 32, 34, 36, 39, 40, 40, 25, 44, 45, 45, 45, 46, 47] (avg cost = 25.68)
Agente 43: [0, 1, 3, 6, 9, 9, 9, 12, 15, 18, 21, 23, 26, 27, 29, 32, 35, 36, 39, 40, 40, 42, 44, 26, 45, 45, 46] (avg cost = 25.11)
Agente 44: [0, 1, 3, 6, 9, 9, 10, 12, 15, 18, 21, 23, 26, 27, 29, 32] (avg cost = 15.06)
Agente 45: [0, 1, 3, 6, 9, 5, 10, 12, 15, 18, 21, 23, 26, 27, 30, 32, 34, 37, 39, 40] (avg cost = 19.40)
Agente 46: [0, 1, 3, 6, 9, 9, 10, 12, 15, 18, 21, 23, 26, 27, 30, 31, 35, 37, 39, 40, 39, 42, 45, 45, 45, 42, 46, 43, 48] (avg cost = 27.14)
Agente 47: [0, 0, 3, 6, 9, 9, 10, 7, 15, 18, 21, 21, 26, 27, 30, 32, 35, 37, 39, 40, 40, 43, 43, 28] (avg cost = 22.46)
Agente 48: [0, 1, 3, 6, 5, 9, 10, 13, 15, 18, 22, 23, 26, 27, 30, 32, 34, 37, 20, 40, 40] (avg cost = 19.57)
Agente 49: [0, 1, 3, 6, 9, 9, 10, 11, 15, 18, 22, 23, 26, 27, 30, 32, 35, 37, 38, 40, 41, 40, 41, 45, 45, 37, 46] (avg cost = 25.44)

Agente peggiore dopo local search: 30 (costo medio = 27.57)