 Istanza: MMLE_6
- Agenti: 50
- Slot: 50

=== Soluzione Greedy ===
Agente 0: [0, 0, 4, 6, 9, 3, 14, 16, 19, 22, 22, 27, 30, 31, 36, 37, 39, 41, 43, 43, 43, 43, 43] (avg cost = 24.83)
Agente 1: [0, 1, 4, 6, 3, 11, 14, 16, 19, 22, 24, 4, 28, 33, 36] (avg cost = 14.73)
Agente 2: [0, 0, 4, 6, 9, 11, 14, 16, 18, 22, 24, 27, 30, 33, 36, 37, 38, 42, 43, 43, 38, 43, 43, 43, 43, 43, 44, 45, 46, 33] (avg cost = 29.13)
Agente 3: [0, 2, 4, 6, 9, 10, 14, 16, 19, 21, 24, 25, 30, 5, 36, 37] (avg cost = 16.12)
Agente 4: [0, 2, 4, 6, 9, 11, 14, 16, 19, 22, 24, 27, 30, 33, 36, 37, 39] (avg cost = 19.35)
Agente 5: [0, 1, 4, 6, 9, 11, 14, 16, 19, 22, 24, 27, 7, 33, 35, 37, 39, 42, 43, 43, 43, 43, 43, 43, 31, 43, 44, 45] (avg cost = 27.39)
Agente 6: [0, 2, 4, 6, 9, 12, 14, 17, 19, 22, 24, 27, 9, 33, 37, 37, 38, 42, 43, 43, 43, 43, 43, 43, 43, 43, 44, 45, 47, 47] (avg cost = 29.30)
Agente 7: [0, 2, 4, 7, 8, 11, 8, 17, 19, 22, 24, 27] (avg cost = 12.42)
Agente 8: [0, 2, 4, 6, 9, 3, 14, 17, 19, 19, 24, 27, 30, 16, 36, 37, 39] (avg cost = 17.76)
Agente 9: [0, 2, 4, 7, 9, 12, 14, 17, 19, 3, 25, 28, 31, 34, 37, 37, 39] (avg cost = 18.71)
Agente 10: [0, 2, 4, 7, 9, 11, 14, 17, 19, 22, 24, 28, 31, 34, 37] (avg cost = 17.27)
Agente 11: [0, 2, 4, 7, 9, 12, 14, 17, 19, 22, 25, 28, 30, 34, 37, 37, 39, 41, 43, 43, 43, 43, 43, 43, 43, 43, 44, 46] (avg cost = 28.96)
Agente 12: [0, 2, 4, 7, 9, 12, 14, 17, 19, 22, 25, 28, 31, 34, 37, 37, 39] (avg cost = 19.82)
Agente 13: [0, 2, 4, 7, 9, 12, 14, 17, 19, 22, 25, 28] (avg cost = 13.25)
Agente 14: [0, 2, 4, 7, 9, 12, 14, 17, 20, 21, 25, 28, 31, 34, 37, 37, 39, 42, 43, 43, 43, 43, 43, 43, 43] (avg cost = 27.20)
Agente 15: [0, 2, 4, 7, 9, 12, 14, 17, 20, 22, 25, 28, 31, 34, 37, 37, 39, 42, 43, 43, 43, 43, 43] (avg cost = 25.87)
Agente 16: [0, 2, 4, 7, 10, 12, 14, 17, 20, 22] (avg cost = 10.80)
Agente 17: [0, 2, 4, 7, 10, 12, 14, 17, 6, 22, 24, 28, 30, 34, 37, 37, 40, 42, 43, 43, 43, 43, 43, 43, 43, 43, 44] (avg cost = 27.93)
Agente 18: [0, 2, 4, 7, 10, 12, 15, 17, 20, 23, 23, 28, 31, 33, 37, 37, 18, 42, 43, 43, 43, 43, 43, 43] (avg cost = 25.71)
Agente 19: [0, 2, 4, 7, 10, 12, 15, 17, 20, 23, 25, 28, 31, 34, 32, 37, 40, 42, 43, 43, 43, 43, 43, 43, 43, 43, 32, 46, 47, 47] (avg cost = 29.83)
Agente 20: [0, 2, 5, 7, 10, 11, 15, 17, 20, 23, 25, 28, 31, 28, 35, 37, 40] (avg cost = 19.65)
Agente 21: [0, 2, 5, 7, 10, 12, 15, 17, 20, 23, 25, 28, 31, 34, 37] (avg cost = 17.73)
Agente 22: [0, 2, 5, 7, 4, 12, 15, 17, 20, 23, 25, 28, 31, 34, 37, 37, 40, 42, 43, 43, 43, 43, 43, 43, 43, 43, 44, 45, 46, 47] (avg cost = 30.17)
Agente 23: [0, 2, 5, 7, 10, 12, 15, 17, 20, 22, 25, 28, 31, 34, 37] (avg cost = 17.67)
Agente 24: [0, 2, 5, 7, 10, 12, 15, 18, 20, 23, 25, 29, 31, 34, 37, 37, 40, 43, 25, 43, 43, 43] (avg cost = 24.64)
Agente 25: [0, 3, 5, 7, 10, 12, 15, 17, 20, 23, 25, 29, 31, 35, 37, 37, 17, 39, 43, 43, 43, 43, 43] (avg cost = 25.09)
Agente 26: [0, 3, 5, 7, 10, 12, 15, 18, 10, 23, 25, 29, 31, 35, 37, 37, 40, 43, 43, 43, 43, 43, 43, 43, 43, 43, 44, 46, 47] (avg cost = 29.69)
Agente 27: [0, 3, 5, 8, 10, 13, 15, 18, 20, 23, 20, 29, 31, 35, 37, 37, 40, 42, 43, 43, 43, 43, 43, 43, 43, 43, 45, 46, 46, 48] (avg cost = 30.50)
Agente 28: [0, 3, 5, 8, 10, 12, 15, 17, 20, 23, 25, 27, 32, 35, 37, 37, 40, 43, 43] (avg cost = 22.74)
Agente 29: [0, 3, 5, 8, 10, 13, 15, 18, 14, 23, 25, 29, 32, 35, 37, 38, 38, 43, 43, 43, 43, 43, 43, 43, 43, 43, 45] (avg cost = 28.70)
Agente 30: [0, 3, 5, 8, 10, 13, 15, 18, 20, 23, 21, 29, 32, 35, 37, 38, 40, 43, 43, 43, 43, 43, 43, 43, 43, 43, 45, 46] (avg cost = 29.46)
Agente 31: [1, 3, 2, 8, 10, 13, 15, 18, 21, 23, 26] (avg cost = 12.73)
Agente 32: [1, 3, 5, 8, 10, 13, 15, 18, 21, 23, 26] (avg cost = 13.00)
Agente 33: [0, 3, 5, 8, 10, 13, 15, 18, 20, 21, 25, 25, 32, 35, 37, 37, 41, 43, 43, 43, 42, 43, 43, 43, 43, 43, 45] (avg cost = 28.74)
Agente 34: [1, 3, 5, 8, 10, 13, 15, 18, 21, 23, 26, 29, 32, 33, 34, 38] (avg cost = 19.31)
Agente 35: [1, 3, 5, 8, 10, 13, 15, 12, 21, 21, 26, 29, 32, 35, 37, 38, 41, 43, 43, 43, 43, 43, 43, 43, 43, 43, 45, 45, 47] (avg cost = 30.03)
Agente 36: [1, 3, 5, 7, 11, 13, 15, 18, 21, 23, 26, 29, 32, 35, 37, 37, 40, 43, 43, 43, 43, 43, 43, 43, 43, 44, 45, 46, 47] (avg cost = 30.31)
Agente 37: [1, 3, 5, 8, 10, 13, 15, 18, 21, 23, 26, 28, 32, 35, 37, 37, 29, 43, 43, 43] (avg cost = 23.50)
Agente 38: [1, 3, 6, 8, 0, 13, 16, 18, 21, 23, 26, 29, 32, 35, 37, 38, 41, 43, 43, 43, 43, 43, 43, 43, 43, 44, 45] (avg cost = 28.89)
Agente 39: [1, 3, 0, 8, 11, 13, 16, 18, 21, 24, 26, 29, 32, 35, 37, 38, 40, 43, 43, 43, 43] (avg cost = 24.95)
Agente 40: [1, 3, 6, 8, 11, 13, 15, 18, 21, 23, 26, 29, 32, 9, 37, 38, 38, 43, 43, 43, 43, 43, 43, 43, 43, 43, 45, 46, 47] (avg cost = 29.41)
Agente 41: [1, 3, 6, 8, 11, 13, 16, 18, 21, 24, 26, 30, 30, 35, 36] (avg cost = 18.53)
Agente 42: [1, 3, 6, 8, 10, 13, 16, 19, 21, 24, 26, 30, 33, 35, 37, 38, 41, 43, 43, 43, 43, 43, 43, 43, 17, 44, 45, 46] (avg cost = 29.07)
Agente 43: [1, 3, 6, 8, 11, 4, 16, 18, 20, 24, 27, 30, 31, 36, 16, 38, 41, 43, 43, 43, 43, 43, 43] (avg cost = 25.57)
Agente 44: [1, 3, 6, 8, 11, 13, 15, 19, 21, 24, 26, 29, 33, 34, 37, 38, 41, 43, 43, 43, 43, 43, 43, 43, 43, 44] (avg cost = 28.73)
Agente 45: [1, 3, 6, 8, 11, 5, 16, 18, 21, 24, 27, 30, 33, 36, 26, 39, 41, 43, 43, 43, 43, 43, 43, 43, 43, 44, 45] (avg cost = 28.81)
Agente 46: [1, 3, 6, 9, 11, 13, 16, 19, 21, 24, 27, 30, 33, 36, 37, 39, 41, 43, 43, 43, 43, 43, 27, 43] (avg cost = 27.12)
Agente 47: [1, 4, 6, 8, 10, 13, 16, 19, 21, 24, 27, 30, 33, 36, 37, 39, 41, 42] (avg cost = 22.61)
Agente 48: [1, 4, 6, 9, 11, 14, 16, 19, 21, 24, 27, 30, 33, 36, 37, 37, 41, 43, 43, 43, 43, 43, 43, 43] (avg cost = 27.79)
Agente 49: [1, 4, 6, 9, 11, 13, 16, 19, 22, 24, 27, 30, 33, 36, 37, 39, 41, 43, 43, 43, 43, 43, 43, 43, 43, 44] (avg cost = 29.08)

Agente peggiore: 27 (costo medio = 30.50)

=== Dopo Ricerca Locale ===
Agente 0: [0, 0, 4, 6, 9, 3, 14, 16, 19, 22, 22, 27, 30, 31, 36, 37, 39, 41, 43, 43, 43, 43, 43] (avg cost = 24.83)
Agente 1: [0, 1, 4, 6, 3, 11, 14, 16, 19, 22, 24, 4, 28, 33, 36] (avg cost = 14.73)
Agente 2: [0, 0, 4, 6, 9, 11, 14, 16, 18, 22, 24, 27, 30, 33, 36, 37, 38, 42, 43, 43, 38, 43, 43, 43, 43, 43, 44, 45, 46, 33] (avg cost = 29.13)
Agente 3: [0, 2, 4, 6, 9, 10, 14, 16, 19, 21, 24, 25, 30, 5, 36, 37] (avg cost = 16.12)
Agente 4: [0, 2, 4, 6, 9, 11, 14, 16, 19, 22, 24, 27, 30, 33, 36, 37, 39] (avg cost = 19.35)
Agente 5: [0, 1, 4, 6, 9, 11, 14, 16, 19, 22, 24, 27, 7, 33, 35, 37, 39, 42, 43, 43, 43, 43, 43, 43, 31, 43, 44, 45] (avg cost = 27.39)
Agente 6: [0, 2, 4, 6, 9, 12, 14, 17, 19, 22, 24, 27, 9, 33, 37, 37, 38, 42, 43, 43, 43, 43, 43, 43, 43, 43, 44, 45, 47, 47] (avg cost = 29.30)
Agente 7: [0, 2, 4, 7, 8, 11, 8, 17, 19, 22, 24, 27] (avg cost = 12.42)
Agente 8: [0, 2, 4, 6, 9, 3, 14, 17, 19, 19, 24, 27, 30, 16, 36, 37, 39] (avg cost = 17.76)
Agente 9: [0, 2, 4, 7, 9, 12, 14, 17, 19, 3, 25, 28, 31, 34, 37, 37, 39] (avg cost = 18.71)
Agente 10: [0, 2, 4, 7, 9, 11, 14, 17, 19, 22, 24, 28, 31, 34, 37] (avg cost = 17.27)
Agente 11: [0, 2, 4, 7, 9, 12, 14, 17, 19, 22, 25, 28, 30, 34, 37, 37, 39, 41, 43, 43, 43, 43, 43, 43, 43, 43, 44, 46] (avg cost = 28.96)
Agente 12: [0, 2, 4, 7, 9, 12, 14, 17, 19, 22, 25, 28, 31, 34, 37, 37, 39] (avg cost = 19.82)
Agente 13: [0, 2, 4, 7, 9, 12, 14, 17, 19, 22, 25, 28] (avg cost = 13.25)
Agente 14: [0, 2, 4, 7, 9, 12, 14, 17, 20, 21, 25, 28, 31, 34, 37, 37, 39, 42, 43, 43, 43, 43, 43, 43, 43] (avg cost = 27.20)
Agente 15: [0, 2, 4, 7, 9, 12, 14, 17, 20, 22, 25, 28, 31, 34, 37, 37, 39, 42, 43, 43, 43, 43, 43] (avg cost = 25.87)
Agente 16: [0, 2, 4, 7, 10, 12, 14, 17, 20, 22] (avg cost = 10.80)
Agente 17: [0, 2, 4, 7, 10, 12, 14, 17, 6, 22, 24, 28, 30, 34, 37, 37, 40, 42, 43, 43, 43, 43, 43, 43, 43, 43, 44] (avg cost = 27.93)
Agente 18: [0, 2, 4, 7, 10, 12, 15, 17, 20, 23, 23, 28, 31, 33, 37, 37, 18, 42, 43, 43, 43, 43, 43, 43] (avg cost = 25.71)
Agente 19: [0, 2, 4, 7, 10, 12, 15, 17, 20, 23, 25, 28, 31, 34, 32, 37, 40, 42, 43, 43, 43, 43, 43, 43, 43, 43, 32, 46, 47, 47] (avg cost = 29.83)
Agente 20: [0, 2, 5, 7, 10, 11, 15, 17, 20, 23, 25, 28, 31, 28, 35, 37, 40] (avg cost = 19.65)
Agente 21: [0, 2, 5, 7, 10, 12, 15, 17, 20, 23, 25, 28, 31, 34, 37] (avg cost = 17.73)
Agente 22: [0, 2, 5, 7, 4, 12, 15, 17, 20, 23, 25, 28, 31, 34, 37, 37, 40, 42, 43, 43, 43, 43, 43, 43, 43, 43, 44, 45, 46, 47] (avg cost = 30.17)
Agente 23: [0, 2, 5, 7, 10, 12, 15, 17, 20, 22, 25, 28, 31, 34, 37] (avg cost = 17.67)
Agente 24: [0, 2, 5, 7, 10, 12, 15, 18, 20, 23, 25, 29, 31, 34, 37, 37, 40, 43, 25, 43, 43, 43] (avg cost = 24.64)
Agente 25: [0, 3, 5, 7, 10, 12, 15, 17, 20, 23, 25, 29, 31, 35, 37, 37, 17, 39, 43, 43, 43, 43, 43] (avg cost = 25.09)
Agente 26: [0, 3, 5, 7, 10, 12, 15, 18, 10, 23, 25, 29, 31, 35, 37, 37, 40, 43, 43, 43, 43, 43, 43, 43, 43, 43, 44, 46, 47] (avg cost = 29.69)
Agente 27: [0, 3, 5, 8, 10, 13, 15, 18, 20, 23, 20, 29, 31, 35, 37, 37, 40, 42, 43, 43, 43, 43, 43, 43, 43, 43, 45, 46, 46, 48] (avg cost = 30.50)
Agente 28: [0, 3, 5, 8, 10, 12, 15, 17, 20, 23, 25, 27, 32, 35, 37, 37, 40, 43, 43] (avg cost = 22.74)
Agente 29: [0, 3, 5, 8, 10, 13, 15, 18, 14, 23, 25, 29, 32, 35, 37, 38, 38, 43, 43, 43, 43, 43, 43, 43, 43, 43, 45] (avg cost = 28.70)
Agente 30: [0, 3, 5, 8, 10, 13, 15, 18, 20, 23, 21, 29, 32, 35, 37, 38, 40, 43, 43, 43, 43, 43, 43, 43, 43, 43, 45, 46] (avg cost = 29.46)
Agente 31: [1, 3, 2, 8, 10, 13, 15, 18, 21, 23, 26] (avg cost = 12.73)
Agente 32: [1, 3, 5, 8, 10, 13, 15, 18, 21, 23, 26] (avg cost = 13.00)
Agente 33: [0, 3, 5, 8, 10, 13, 15, 18, 20, 21, 25, 25, 32, 35, 37, 37, 41, 43, 43, 43, 42, 43, 43, 43, 43, 43, 45] (avg cost = 28.74)
Agente 34: [1, 3, 5, 8, 10, 13, 15, 18, 21, 23, 26, 29, 32, 33, 34, 38] (avg cost = 19.31)
Agente 35: [1, 3, 5, 8, 10, 13, 15, 12, 21, 21, 26, 29, 32, 35, 37, 38, 41, 43, 43, 43, 43, 43, 43, 43, 43, 43, 45, 45, 47] (avg cost = 30.03)
Agente 36: [1, 3, 5, 7, 11, 13, 15, 18, 21, 23, 26, 29, 32, 35, 37, 37, 40, 43, 43, 43, 43, 43, 43, 43, 43, 44, 45, 46, 47] (avg cost = 30.31)
Agente 37: [1, 3, 5, 8, 10, 13, 15, 18, 21, 23, 26, 28, 32, 35, 37, 37, 29, 43, 43, 43] (avg cost = 23.50)
Agente 38: [1, 3, 6, 8, 0, 13, 16, 18, 21, 23, 26, 29, 32, 35, 37, 38, 41, 43, 43, 43, 43, 43, 43, 43, 43, 44, 45] (avg cost = 28.89)
Agente 39: [1, 3, 0, 8, 11, 13, 16, 18, 21, 24, 26, 29, 32, 35, 37, 38, 40, 43, 43, 43, 43] (avg cost = 24.95)
Agente 40: [1, 3, 6, 8, 11, 13, 15, 18, 21, 23, 26, 29, 32, 9, 37, 38, 38, 43, 43, 43, 43, 43, 43, 43, 43, 43, 45, 46, 47] (avg cost = 29.41)
Agente 41: [1, 3, 6, 8, 11, 13, 16, 18, 21, 24, 26, 30, 30, 35, 36] (avg cost = 18.53)
Agente 42: [1, 3, 6, 8, 10, 13, 16, 19, 21, 24, 26, 30, 33, 35, 37, 38, 41, 43, 43, 43, 43, 43, 43, 43, 17, 44, 45, 46] (avg cost = 29.07)
Agente 43: [1, 3, 6, 8, 11, 4, 16, 18, 20, 24, 27, 30, 31, 36, 16, 38, 41, 43, 43, 43, 43, 43, 43] (avg cost = 25.57)
Agente 44: [1, 3, 6, 8, 11, 13, 15, 19, 21, 24, 26, 29, 33, 34, 37, 38, 41, 43, 43, 43, 43, 43, 43, 43, 43, 44] (avg cost = 28.73)
Agente 45: [1, 3, 6, 8, 11, 5, 16, 18, 21, 24, 27, 30, 33, 36, 26, 39, 41, 43, 43, 43, 43, 43, 43, 43, 43, 44, 45] (avg cost = 28.81)
Agente 46: [1, 3, 6, 9, 11, 13, 16, 19, 21, 24, 27, 30, 33, 36, 37, 39, 41, 43, 43, 43, 43, 43, 27, 43] (avg cost = 27.12)
Agente 47: [1, 4, 6, 8, 10, 13, 16, 19, 21, 24, 27, 30, 33, 36, 37, 39, 41, 42] (avg cost = 22.61)
Agente 48: [1, 4, 6, 9, 11, 14, 16, 19, 21, 24, 27, 30, 33, 36, 37, 37, 41, 43, 43, 43, 43, 43, 43, 43] (avg cost = 27.79)
Agente 49: [1, 4, 6, 9, 11, 13, 16, 19, 22, 24, 27, 30, 33, 36, 37, 39, 41, 43, 43, 43, 43, 43, 43, 43, 43, 44] (avg cost = 29.08)

Agente peggiore dopo local search: 27 (costo medio = 30.50)