 Istanza: MLE_5
- Agenti: 13
- Slot: 16

=== Soluzione Greedy ===
Agente 0: [0, 1, 2, 3, 4, 5, 6, 7, 8, 9, 10, 11, 12, 13, 15] (avg cost = 7.07)
Agente 1: [0, 1, 2, 3, 4, 5, 6, 7, 8, 9, 10, 11, 12, 13, 15] (avg cost = 3.79)
Agente 2: [0, 1, 2, 3, 4, 5, 6, 7, 8, 9, 10, 11, 12, 13, 14] (avg cost = 4.77)
Agente 3: [0, 1, 2, 3, 4, 5, 6, 7, 8, 9, 10, 11, 12, 13, 14] (avg cost = 6.18)
Agente 4: [0, 1, 2, 3, 4, 5, 6, 7, 8, 9, 10, 11, 12, 13, 15] (avg cost = 5.05)
Agente 5: [0, 1, 2, 3, 4, 5, 6, 7, 8, 9, 10, 11, 12, 14, 15] (avg cost = 5.10)
Agente 6: [0, 1, 2, 3, 4, 5, 6, 7, 8, 9, 10] (avg cost = 5.00)
Agente 7: [0, 1, 2, 3, 4, 5, 6, 7, 8, 9, 10, 11, 12, 14, 15] (avg cost = 4.46)
Agente 8: [0, 1, 2, 3, 4, 5, 6, 7, 8, 9, 10, 12, 13, 14, 15] (avg cost = 4.54)
Agente 9: [0, 1, 2, 3, 4, 5, 6, 7, 8, 9, 10, 12, 13, 14, 15] (avg cost = 3.89)
Agente 10: [0, 1, 2, 3, 4, 5, 6, 7, 8, 9, 10, 11, 13, 14, 15] (avg cost = 4.70)
Agente 11: [0, 1, 2, 3, 4, 5, 6, 7, 8, 10, 11, 12, 13, 14] (avg cost = 3.20)
Agente 12: [0, 1, 2, 3, 5, 6, 7, 8, 9, 10, 11, 12, 13, 14, 15] (avg cost = 7.25)

Agente peggiore: 12 (costo medio = 7.25)

=== Dopo Ricerca Locale ===
Agente 0: [0, 1, 2, 3, 4, 5, 6, 7, 8, 9, 10, 11, 12, 13, 15] (avg cost = 7.07)
Agente 1: [0, 1, 2, 3, 4, 5, 6, 7, 8, 9, 10, 11, 12, 13, 15] (avg cost = 3.79)
Agente 2: [0, 1, 2, 3, 4, 5, 6, 7, 8, 9, 10, 11, 12, 13, 14] (avg cost = 4.77)
Agente 3: [0, 1, 2, 3, 4, 5, 6, 7, 8, 9, 10, 11, 12, 13, 14] (avg cost = 6.18)
Agente 4: [0, 1, 2, 3, 4, 5, 6, 7, 8, 9, 10, 11, 12, 13, 15] (avg cost = 5.05)
Agente 5: [0, 1, 2, 3, 4, 5, 6, 7, 8, 9, 10, 11, 12, 14, 15] (avg cost = 5.10)
Agente 6: [0, 1, 2, 3, 4, 5, 6, 7, 8, 9, 10] (avg cost = 5.00)
Agente 7: [0, 1, 2, 3, 4, 5, 6, 7, 8, 9, 10, 11, 12, 14, 15] (avg cost = 4.46)
Agente 8: [0, 1, 2, 3, 4, 5, 6, 7, 8, 9, 10, 12, 13, 14, 15] (avg cost = 4.54)
Agente 9: [0, 1, 2, 3, 4, 5, 6, 7, 8, 9, 10, 12, 13, 14, 15] (avg cost = 3.89)
Agente 10: [0, 1, 2, 3, 4, 5, 6, 7, 8, 9, 10, 11, 13, 14, 15] (avg cost = 4.70)
Agente 11: [0, 1, 2, 3, 4, 5, 6, 7, 8, 10, 11, 12, 13, 14] (avg cost = 3.20)
Agente 12: [0, 0, 0, 0, 0, 0, 0, 0, 0, 0, 0, 0, 0, 0, 0] (avg cost = 0.00)

Agente peggiore dopo local search: 0 (costo medio = 7.07)

Coincidenza allocazione Greedy / Locale?  No