 Istanza: MLE_6
- Agenti: 11
- Slot: 20

=== Soluzione Greedy ===
Agente 0: [0, 1, 2, 3, 4, 5, 6, 8, 9, 10, 11, 13, 14, 16, 17, 18, 19] (avg cost = 6.24)
Agente 1: [0, 1, 2, 3, 4, 5, 7, 8, 9, 10, 12, 13, 14, 15, 17] (avg cost = 8.00)
Agente 2: [0, 1, 2, 3, 4, 5, 6, 8, 9, 10, 12, 13] (avg cost = 6.08)
Agente 3: [0, 1, 2, 3, 5, 6, 7, 8, 9, 10, 11, 13, 14] (avg cost = 6.85)
Agente 4: [0, 1, 2, 3, 5, 6, 7, 8, 10, 11, 12, 13, 15] (avg cost = 7.15)
Agente 5: [0, 1, 2, 4, 5, 6, 7, 8, 10, 11, 12, 14, 15, 16, 17, 18, 19] (avg cost = 8.68)
Agente 6: [0, 1, 2, 3, 4, 5, 7, 8, 9, 10, 12, 14, 15, 16, 17, 18, 19] (avg cost = 5.93)
Agente 7: [0, 1, 2, 4, 5, 6, 7, 9, 10, 11, 12, 13, 15, 16, 17, 18, 19] (avg cost = 6.35)
Agente 8: [0, 1, 2, 4, 5, 6, 7, 8, 9, 10, 12, 14, 15, 17, 18, 19] (avg cost = 5.25)
Agente 9: [0, 2, 3, 4, 5, 6, 8, 9, 10, 11] (avg cost = 5.80)
Agente 10: [0, 2, 3, 4, 5, 6, 8, 9, 10, 11, 13, 14, 15, 16, 17, 19] (avg cost = 5.63)

Agente peggiore: 5 (costo medio = 8.68)

=== Dopo Ricerca Locale ===
Agente 0: [0, 1, 2, 3, 4, 5, 6, 8, 9, 10, 11, 13, 14, 16, 17, 18, 19] (avg cost = 6.24)
Agente 1: [0, 1, 2, 3, 4, 5, 7, 8, 9, 10, 12, 13, 14, 15, 17] (avg cost = 8.00)
Agente 2: [0, 1, 2, 3, 4, 5, 6, 8, 9, 10, 12, 13] (avg cost = 6.08)
Agente 3: [0, 1, 2, 3, 5, 6, 7, 8, 9, 10, 11, 13, 14] (avg cost = 6.85)
Agente 4: [0, 1, 2, 3, 5, 6, 7, 8, 10, 11, 12, 13, 15] (avg cost = 7.15)
Agente 5: [0, 0, 0, 2, 2, 2, 2, 2, 4, 4, 5, 5, 5, 5, 5, 5, 5] (avg cost = 2.79)
Agente 6: [0, 1, 2, 3, 4, 5, 7, 8, 9, 10, 12, 14, 15, 16, 17, 18, 19] (avg cost = 5.93)
Agente 7: [0, 1, 2, 4, 5, 6, 7, 9, 10, 11, 12, 13, 15, 16, 17, 18, 19] (avg cost = 6.35)
Agente 8: [0, 1, 2, 4, 5, 6, 7, 8, 9, 10, 12, 14, 15, 17, 18, 19] (avg cost = 5.25)
Agente 9: [0, 2, 3, 4, 5, 6, 8, 9, 10, 11] (avg cost = 5.80)
Agente 10: [0, 2, 3, 4, 5, 6, 8, 9, 10, 11, 13, 14, 15, 16, 17, 19] (avg cost = 5.63)

Agente peggiore dopo local search: 1 (costo medio = 8.00)

Coincidenza allocazione Greedy / Locale?  No