 Istanza: MLE_1
- Agenti: 12
- Slot: 18

=== Soluzione Greedy ===
Agente 0: [0, 1, 2, 3, 4, 5, 6, 7, 8, 10, 11, 12, 13, 14, 15, 17] (avg cost = 8.00)
Agente 1: [0, 1, 2, 3, 4, 5, 6, 7, 8, 10, 11, 12, 13, 15, 16, 17] (avg cost = 8.12)
Agente 2: [0, 1, 2, 3, 4, 5, 6, 7, 8, 9, 11, 12, 13, 14, 15] (avg cost = 6.47)
Agente 3: [0, 1, 2, 3, 4, 5, 6, 8, 9, 10, 11, 12, 13, 14, 15] (avg cost = 3.90)
Agente 4: [0, 1, 2, 3, 4, 5, 7, 8, 9, 10, 11, 12, 14, 15, 16] (avg cost = 6.88)
Agente 5: [0, 1, 2, 3, 4, 5, 7, 8, 9, 10, 11, 12, 14, 15, 16] (avg cost = 6.88)
Agente 6: [0, 1, 2, 3, 4, 6, 7, 8, 9, 10, 11, 12, 13, 15, 16, 17] (avg cost = 4.79)
Agente 7: [0, 1, 2, 3, 4, 6, 7, 8, 9, 10, 11, 12, 14, 15, 16] (avg cost = 6.21)
Agente 8: [0, 1, 2, 3, 4, 6, 7, 8, 9, 11, 12, 13, 14, 15, 16, 17] (avg cost = 7.26)
Agente 9: [0, 1, 2, 3, 5, 6, 7, 8, 9, 11, 12, 13, 14, 15, 17] (avg cost = 4.73)
Agente 10: [0, 1, 2, 3, 4, 6, 7, 8, 9, 10, 11, 12, 13, 15, 17] (avg cost = 4.92)
Agente 11: [0, 1, 2, 3, 4, 6, 7, 8, 9, 11] (avg cost = 5.10)

Agente peggiore: 1 (costo medio = 8.12)

=== Dopo Ricerca Locale ===
Agente 0: [0, 1, 2, 3, 4, 5, 6, 7, 8, 10, 11, 12, 13, 14, 15, 17] (avg cost = 8.00)
Agente 1: [0, 0, 0, 0, 0, 1, 1, 1, 1, 1, 1, 1, 1, 1, 1, 1] (avg cost = 0.69)
Agente 2: [0, 1, 2, 3, 4, 5, 6, 7, 8, 9, 11, 12, 13, 14, 15] (avg cost = 6.47)
Agente 3: [0, 1, 2, 3, 4, 5, 6, 8, 9, 10, 11, 12, 13, 14, 15] (avg cost = 3.90)
Agente 4: [0, 1, 2, 3, 4, 5, 7, 8, 9, 10, 11, 12, 14, 15, 16] (avg cost = 6.88)
Agente 5: [0, 1, 2, 3, 4, 5, 7, 8, 9, 10, 11, 12, 14, 15, 16] (avg cost = 6.88)
Agente 6: [0, 1, 2, 3, 4, 6, 7, 8, 9, 10, 11, 12, 13, 15, 16, 17] (avg cost = 4.79)
Agente 7: [0, 1, 2, 3, 4, 6, 7, 8, 9, 10, 11, 12, 14, 15, 16] (avg cost = 6.21)
Agente 8: [0, 1, 2, 3, 4, 6, 7, 8, 9, 11, 12, 13, 14, 15, 16, 17] (avg cost = 7.26)
Agente 9: [0, 1, 2, 3, 5, 6, 7, 8, 9, 11, 12, 13, 14, 15, 17] (avg cost = 4.73)
Agente 10: [0, 1, 2, 3, 4, 6, 7, 8, 9, 10, 11, 12, 13, 15, 17] (avg cost = 4.92)
Agente 11: [0, 1, 2, 3, 4, 6, 7, 8, 9, 11] (avg cost = 5.10)

Agente peggiore dopo local search: 0 (costo medio = 8.00)

Coincidenza allocazione Greedy / Locale?  No