 Istanza: MLE_10
- Agenti: 10
- Slot: 20

=== Soluzione Greedy ===
Agente 0: [0, 1, 2, 3, 4, 5, 6, 7, 8, 9, 10, 11, 12, 14, 15, 17] (avg cost = 7.75)
Agente 1: [0, 1, 2, 3, 4, 5, 6, 7, 8, 9, 10, 11, 12, 13, 16, 17, 19] (avg cost = 5.30)
Agente 2: [0, 1, 2, 3, 4, 5, 6, 7, 8, 10, 11, 12, 13, 14, 16, 17, 19] (avg cost = 6.73)
Agente 3: [0, 1, 2, 3, 4, 5, 6, 8, 9, 10, 11, 12] (avg cost = 5.92)
Agente 4: [0, 1, 2, 3, 4, 5, 7, 8, 9, 10, 11, 12, 13, 14, 16, 17] (avg cost = 8.25)
Agente 5: [0, 1, 2, 3, 4, 5, 6, 7, 8, 9, 10, 11, 13, 15, 16, 18, 19] (avg cost = 8.65)
Agente 6: [0, 1, 2, 3, 4, 5, 6, 7, 9, 10, 11, 12, 13, 14, 16, 18, 19] (avg cost = 7.89)
Agente 7: [0, 1, 2, 4, 5, 6, 7, 8, 9, 10, 11, 12, 13, 14, 16, 18, 19] (avg cost = 7.05)
Agente 8: [0, 1, 2, 4, 5, 6, 7, 8, 9, 10, 11, 12, 13, 15, 16, 18] (avg cost = 4.57)
Agente 9: [0, 1, 2, 4, 5, 6, 7, 8, 9, 10, 11, 13, 14, 15, 17, 18] (avg cost = 8.24)

Agente peggiore: 5 (costo medio = 8.65)

=== Dopo Ricerca Locale ===
Agente 0: [0, 1, 2, 3, 4, 5, 6, 7, 8, 9, 10, 11, 12, 14, 15, 17] (avg cost = 7.75)
Agente 1: [0, 1, 2, 3, 4, 5, 6, 7, 8, 9, 10, 11, 12, 13, 16, 17, 19] (avg cost = 5.30)
Agente 2: [0, 1, 2, 3, 4, 5, 6, 7, 8, 10, 11, 12, 13, 14, 16, 17, 19] (avg cost = 6.73)
Agente 3: [0, 1, 2, 3, 4, 5, 6, 8, 9, 10, 11, 12] (avg cost = 5.92)
Agente 4: [0, 1, 2, 3, 4, 5, 7, 8, 9, 10, 11, 12, 13, 14, 16, 17] (avg cost = 8.25)
Agente 5: [0, 0, 0, 1, 2, 3, 3, 3, 5, 5, 5, 5, 5, 5, 5, 5, 5] (avg cost = 3.35)
Agente 6: [0, 1, 2, 3, 4, 5, 6, 7, 9, 10, 11, 12, 13, 14, 16, 18, 19] (avg cost = 7.89)
Agente 7: [0, 1, 2, 4, 5, 6, 7, 8, 9, 10, 11, 12, 13, 14, 16, 18, 19] (avg cost = 7.05)
Agente 8: [0, 1, 2, 4, 5, 6, 7, 8, 9, 10, 11, 12, 13, 15, 16, 18] (avg cost = 4.57)
Agente 9: [0, 1, 2, 4, 5, 6, 7, 8, 9, 10, 11, 13, 14, 15, 17, 18] (avg cost = 8.24)

Agente peggiore dopo local search: 4 (costo medio = 8.25)

Coincidenza allocazione Greedy / Locale?  No