 Istanza: MLE_8
- Agenti: 13
- Slot: 19

=== Soluzione Greedy ===
Agente 0: [0, 1, 2, 3, 4, 5, 6, 7, 8, 9, 10, 11, 13, 14, 16, 17, 18] (avg cost = 5.76)
Agente 1: [0, 1, 2, 3, 4, 5, 6, 7, 8, 10, 11, 12, 13, 14, 15, 17, 18] (avg cost = 5.21)
Agente 2: [0, 1, 2, 3, 4, 5, 6, 7, 8, 10, 11, 12, 13, 15, 16, 17, 18] (avg cost = 5.69)
Agente 3: [0, 1, 2, 3, 4, 5, 6, 7, 9, 10, 11, 12, 13, 14] (avg cost = 6.93)
Agente 4: [0, 1, 2, 3, 4, 5, 6, 7, 8, 10, 11, 12, 13, 15, 16] (avg cost = 7.53)
Agente 5: [0, 1, 2, 3, 4, 5, 6, 7, 9, 10] (avg cost = 4.70)
Agente 6: [0, 1, 2, 3, 4, 5, 6, 7, 8, 10, 11, 12, 13, 14, 16, 17] (avg cost = 4.61)
Agente 7: [0, 1, 2, 3, 4, 5, 6, 7, 9, 10] (avg cost = 4.70)
Agente 8: [0, 1, 2, 3, 4, 5, 6, 8, 9, 10, 11, 12, 13, 15, 16, 17] (avg cost = 7.33)
Agente 9: [1, 2, 3, 4, 5, 6, 7, 8, 9, 10, 11, 12, 13, 15, 17, 18] (avg cost = 5.88)
Agente 10: [0, 1, 2, 3, 4, 6, 7, 8, 9, 10, 11, 13, 14, 15, 16, 17, 18] (avg cost = 7.70)
Agente 11: [1, 2, 3, 4, 5, 6, 7, 8, 9, 10, 11, 13, 14, 16, 17, 18] (avg cost = 4.80)
Agente 12: [0, 1, 2, 3, 4, 5, 6, 8, 9, 10, 11, 13] (avg cost = 6.00)

Agente peggiore: 10 (costo medio = 7.70)

=== Dopo Ricerca Locale ===
Agente 0: [0, 1, 2, 3, 4, 5, 6, 7, 8, 9, 10, 11, 13, 14, 16, 17, 18] (avg cost = 5.76)
Agente 1: [0, 1, 2, 3, 4, 5, 6, 7, 8, 10, 11, 12, 13, 14, 15, 17, 18] (avg cost = 5.21)
Agente 2: [0, 1, 2, 3, 4, 5, 6, 7, 8, 10, 11, 12, 13, 15, 16, 17, 18] (avg cost = 5.69)
Agente 3: [0, 1, 2, 3, 4, 5, 6, 7, 9, 10, 11, 12, 13, 14] (avg cost = 6.93)
Agente 4: [0, 1, 2, 3, 4, 5, 6, 7, 8, 10, 11, 12, 13, 15, 16] (avg cost = 7.53)
Agente 5: [0, 1, 2, 3, 4, 5, 6, 7, 9, 10] (avg cost = 4.70)
Agente 6: [0, 1, 2, 3, 4, 5, 6, 7, 8, 10, 11, 12, 13, 14, 16, 17] (avg cost = 4.61)
Agente 7: [0, 1, 2, 3, 4, 5, 6, 7, 9, 10] (avg cost = 4.70)
Agente 8: [0, 1, 2, 3, 4, 5, 6, 8, 9, 10, 11, 12, 13, 15, 16, 17] (avg cost = 7.33)
Agente 9: [1, 2, 3, 4, 5, 6, 7, 8, 9, 10, 11, 12, 13, 15, 17, 18] (avg cost = 5.88)
Agente 10: [0, 0, 1, 1, 1, 1, 1, 1, 1, 1, 1, 1, 2, 2, 2, 3, 3] (avg cost = 1.10)
Agente 11: [1, 2, 3, 4, 5, 6, 7, 8, 9, 10, 11, 13, 14, 16, 17, 18] (avg cost = 4.80)
Agente 12: [0, 1, 2, 3, 4, 5, 6, 8, 9, 10, 11, 13] (avg cost = 6.00)

Agente peggiore dopo local search: 4 (costo medio = 7.53)

Coincidenza allocazione Greedy / Locale?  No