 Istanza: MLE_9
- Agenti: 12
- Slot: 19

=== Soluzione Greedy ===
Agente 0: [0, 1, 2, 3, 4, 5, 6, 7, 8, 9, 10, 11, 12, 14, 15, 16, 17, 18] (avg cost = 5.27)
Agente 1: [0, 1, 2, 3, 4, 5, 6, 7, 8, 9, 10, 11, 13, 14, 15, 16] (avg cost = 7.75)
Agente 2: [0, 1, 2, 3, 4, 5, 6, 7, 8, 9, 10, 12, 13, 14, 15, 16, 17] (avg cost = 4.90)
Agente 3: [0, 1, 2, 3, 4, 5, 6, 7, 8, 9, 10, 11, 12, 14, 15, 16, 17] (avg cost = 6.36)
Agente 4: [0, 1, 2, 3, 4, 5, 6, 7, 8, 9, 11, 12, 13, 14, 15, 16, 17] (avg cost = 8.41)
Agente 5: [0, 1, 2, 3, 4, 5, 6, 7, 8, 9, 11, 12, 13, 14, 15, 16, 18] (avg cost = 4.97)
Agente 6: [0, 1, 2, 3, 4, 5, 6, 7, 8, 9, 10, 12, 13, 14, 15, 16, 17] (avg cost = 6.76)
Agente 7: [0, 1, 2, 3, 4, 5, 6, 7, 8, 10, 11, 12, 13, 14, 15, 16] (avg cost = 7.94)
Agente 8: [0, 1, 2, 3, 4, 5, 6, 7, 8, 9, 11, 12, 13, 15, 16, 17, 18] (avg cost = 5.88)
Agente 9: [0, 1, 2, 3, 4, 5, 6, 7, 8, 9, 10, 12, 14, 15, 16, 17, 18] (avg cost = 6.12)
Agente 10: [0, 1, 2, 3, 4, 5, 6, 8, 9, 10, 11, 13, 14, 15, 16, 17] (avg cost = 8.38)
Agente 11: [0, 1, 2, 3, 4, 5, 6, 7, 9, 10, 11, 12, 14, 15, 16, 17, 18] (avg cost = 5.00)

Agente peggiore: 4 (costo medio = 8.41)

=== Dopo Ricerca Locale ===
Agente 0: [0, 1, 2, 3, 4, 5, 6, 7, 8, 9, 10, 11, 12, 14, 15, 16, 17, 18] (avg cost = 5.27)
Agente 1: [0, 1, 2, 3, 4, 5, 6, 7, 8, 9, 10, 11, 13, 14, 15, 16] (avg cost = 7.75)
Agente 2: [0, 1, 2, 3, 4, 5, 6, 7, 8, 9, 10, 12, 13, 14, 15, 16, 17] (avg cost = 4.90)
Agente 3: [0, 1, 2, 3, 4, 5, 6, 7, 8, 9, 10, 11, 12, 14, 15, 16, 17] (avg cost = 6.36)
Agente 4: [0, 0, 0, 0, 0, 0, 0, 0, 0, 0, 0, 1, 2, 2, 2, 2, 2] (avg cost = 0.65)
Agente 5: [0, 1, 2, 3, 4, 5, 6, 7, 8, 9, 11, 12, 13, 14, 15, 16, 18] (avg cost = 4.97)
Agente 6: [0, 1, 2, 3, 4, 5, 6, 7, 8, 9, 10, 12, 13, 14, 15, 16, 17] (avg cost = 6.76)
Agente 7: [0, 1, 2, 3, 4, 5, 6, 7, 8, 10, 11, 12, 13, 14, 15, 16] (avg cost = 7.94)
Agente 8: [0, 1, 2, 3, 4, 5, 6, 7, 8, 9, 11, 12, 13, 15, 16, 17, 18] (avg cost = 5.88)
Agente 9: [0, 1, 2, 3, 4, 5, 6, 7, 8, 9, 10, 12, 14, 15, 16, 17, 18] (avg cost = 6.12)
Agente 10: [0, 1, 2, 3, 4, 5, 6, 8, 9, 10, 11, 13, 14, 15, 16, 17] (avg cost = 8.38)
Agente 11: [0, 1, 2, 3, 4, 5, 6, 7, 9, 10, 11, 12, 14, 15, 16, 17, 18] (avg cost = 5.00)

Agente peggiore dopo local search: 10 (costo medio = 8.38)

Coincidenza allocazione Greedy / Locale?  No