 Istanza: MMLE_9
- Agenti: 50
- Slot: 50

=== Soluzione Greedy ===
Agente 0: [0, 1, 2, 4, 7, 10, 12, 15, 18, 19, 20, 25, 28, 31, 33, 34, 37, 40] (avg cost = 18.67)
Agente 1: [0, 1, 2, 4, 7, 10, 12, 15, 18, 19, 22, 25, 28, 29, 33, 34, 37, 40, 42, 44] (avg cost = 21.10)
Agente 2: [0, 1, 2, 4, 7, 8, 12, 15, 18, 19, 22, 24] (avg cost = 11.00)
Agente 3: [0, 1, 2, 4, 7, 8, 12, 15, 18, 19, 22, 25, 28, 30, 33] (avg cost = 14.93)
Agente 4: [0, 1, 2, 4, 7, 10, 11, 15, 18, 19, 21, 24, 28, 31, 33, 34, 37, 40, 42, 44, 46, 47] (avg cost = 19.77)
Agente 5: [0, 1, 2, 5, 7, 10, 12, 15, 18, 19, 22, 25, 28, 30, 33, 34, 37, 40, 42, 44, 46, 48] (avg cost = 17.86)
Agente 6: [0, 1, 2, 5, 7, 10, 12, 15, 18, 19, 22, 25, 28, 31, 34, 35, 37, 40, 42, 45, 46, 48] (avg cost = 18.64)
Agente 7: [0, 1, 2, 4, 7, 10, 12, 15, 17, 18, 19, 25, 28, 31, 34, 35, 38, 40, 42, 44, 46, 48] (avg cost = 23.45)
Agente 8: [0, 1, 2, 4, 7, 10, 13, 16, 18, 19, 22, 25] (avg cost = 11.42)
Agente 9: [0, 1, 2, 5, 6, 10, 12, 15, 18, 19, 22, 25] (avg cost = 11.25)
Agente 10: [0, 1, 2, 5, 7, 10, 13, 15, 18, 19, 22, 25, 28, 31, 34, 35, 38, 40, 42, 45, 46, 48, 49] (avg cost = 23.88)
Agente 11: [0, 1, 2, 5, 7, 10, 13, 16, 18, 19, 22] (avg cost = 10.27)
Agente 12: [0, 1, 2, 5, 7, 10, 13, 16, 18, 19, 22, 25] (avg cost = 11.50)
Agente 13: [0, 1, 2, 4, 5, 10, 13, 16, 18, 19, 22, 25, 28, 31, 34, 35, 38, 40, 43, 45, 46, 48] (avg cost = 18.03)
Agente 14: [0, 1, 2, 5, 8, 10, 13, 16, 18, 19, 21, 25, 26, 31, 34, 35, 38, 40, 41, 45, 46, 47] (avg cost = 20.84)
Agente 15: [0, 1, 2, 5, 8, 10, 13, 16, 18, 19, 22, 26, 28, 31, 34, 35, 38, 39, 43, 45, 46, 48] (avg cost = 22.91)
Agente 16: [0, 2, 3, 4, 8, 10, 13, 14, 18, 19] (avg cost = 9.10)
Agente 17: [0, 2, 3, 5, 8, 10, 13, 16, 18, 19, 23] (avg cost = 10.64)
Agente 18: [0, 2, 3, 5, 8, 11, 13, 16, 18, 19, 22, 26, 29, 31, 34, 35, 38] (avg cost = 18.24)
Agente 19: [0, 2, 3, 5, 8, 11, 13, 16, 18, 19, 23, 26, 29, 31, 34, 35, 38, 40, 43, 44, 46, 48, 49] (avg cost = 25.26)
Agente 20: [0, 2, 3, 5, 8, 11, 13, 16, 18, 19, 22, 26, 27, 32, 34, 35, 38, 40, 43, 45, 46, 49] (avg cost = 19.00)
Agente 21: [0, 2, 3, 5, 8, 11, 13, 16, 18, 20, 23, 26, 29, 32, 34, 35, 38, 40, 43, 45, 46, 49] (avg cost = 19.85)
Agente 22: [0, 2, 3, 5, 8, 11, 13, 16, 18, 19, 23, 25, 29, 32, 34, 35, 38, 40, 43] (avg cost = 20.74)
Agente 23: [0, 2, 3, 5, 8, 11, 13, 16, 18, 19, 23, 26, 29, 32, 34, 35, 37, 38, 42, 45, 46, 48] (avg cost = 21.20)
Agente 24: [0, 1, 2, 5, 8, 11, 13, 16, 18, 19, 23, 26, 29, 32, 34, 35] (avg cost = 17.00)
Agente 25: [0, 2, 3, 5, 8, 11, 12, 16, 18, 20, 23, 26, 29, 32, 34, 35, 38, 40, 42, 46, 47, 49] (avg cost = 18.48)
Agente 26: [0, 2, 3, 6, 8, 9, 14, 16, 18, 20, 23, 26, 29, 32, 34, 36, 38, 41, 42, 45, 46] (avg cost = 23.24)
Agente 27: [0, 2, 3, 5, 8, 11, 14, 16, 18, 20, 21, 26, 29, 32, 34, 35, 39, 41, 43, 44, 46, 49] (avg cost = 23.30)
Agente 28: [0, 1, 2, 6, 8, 11, 14, 17, 18, 20, 23, 24, 29, 31, 34, 36, 39, 41, 43, 45, 46, 49] (avg cost = 19.18)
Agente 29: [0, 2, 3, 6, 8, 11, 14, 17, 18, 19, 23, 26, 29, 32, 33, 34, 39, 41, 43, 46, 47, 48] (avg cost = 19.25)
Agente 30: [0, 2, 3, 6, 9, 11, 13, 17, 18, 20, 23, 27, 29, 32, 34, 36, 39, 41, 43, 46, 47, 49] (avg cost = 22.71)
Agente 31: [0, 2, 3, 6, 7, 11, 14, 17, 18, 20, 23, 27, 29, 32, 34, 36, 39, 41, 43, 46, 47, 49] (avg cost = 19.43)
Agente 32: [0, 2, 3, 6, 9, 11, 14, 17, 18, 20, 23, 27] (avg cost = 12.50)
Agente 33: [0, 2, 3, 6, 9, 10, 14, 17, 18, 20, 23, 27, 30, 33, 34, 36, 39, 41, 43, 46] (avg cost = 22.55)
Agente 34: [0, 2, 3, 6, 9, 11, 14, 17, 18, 20, 23, 27, 30, 33, 34, 36, 39, 41, 44, 46] (avg cost = 22.65)
Agente 35: [0, 2, 4, 6, 9, 11, 14, 16, 18, 21, 24, 26] (avg cost = 12.58)
Agente 36: [0, 2, 3, 6, 9, 11, 14, 17, 18, 20, 24, 27, 29, 33, 34, 36, 39, 41, 44, 46, 47] (avg cost = 17.24)
Agente 37: [0, 2, 4, 6, 9, 11, 14, 17, 18, 21, 24, 27, 30, 33, 34, 35, 39, 41, 44, 46, 47] (avg cost = 20.08)
Agente 38: [0, 2, 4, 6, 9, 11, 14, 15, 18, 20, 24, 27, 29] (avg cost = 13.77)
Agente 39: [0, 2, 3, 6, 7, 12, 14, 17, 18, 21, 24, 27, 29, 30, 34, 36, 39, 41, 44, 46] (avg cost = 22.50)
Agente 40: [0, 2, 4, 6, 9, 11, 14, 17, 18, 21, 24, 27, 30, 33, 34, 36, 39, 42, 44, 46, 47] (avg cost = 24.00)
Agente 41: [0, 2, 3, 6, 9, 12, 15, 17, 18, 21, 24] (avg cost = 11.55)
Agente 42: [0, 2, 4, 6, 9, 12, 15, 17, 18, 21, 24, 27, 30, 33, 34, 37, 39, 42, 44, 46, 47] (avg cost = 24.14)
Agente 43: [0, 2, 4, 6, 9, 12, 15, 17, 18, 21, 24, 26, 30] (avg cost = 14.15)
Agente 44: [0, 2, 4, 6, 9, 12, 15, 17, 18, 21, 24, 27, 30, 33, 34, 35] (avg cost = 17.94)
Agente 45: [0, 2, 4, 7, 9, 12, 14, 17, 18, 21, 24] (avg cost = 11.64)
Agente 46: [0, 2, 4, 7, 9, 12, 15, 18, 19, 21, 24, 28, 30, 33, 34, 37, 39, 42, 44, 46, 48] (avg cost = 24.38)
Agente 47: [0, 2, 4, 7, 10, 12, 15, 17, 18, 21, 24, 27, 30] (avg cost = 14.38)
Agente 48: [1, 2, 4, 7, 10, 12, 14, 16, 18, 19, 24, 28, 31, 33, 34, 37] (avg cost = 18.12)
Agente 49: [0, 2, 4, 7, 10, 12, 15, 18, 19, 21, 24, 28, 30, 33, 34, 37, 40, 42, 44, 45, 46] (avg cost = 21.29)

Agente peggiore: 19 (costo medio = 25.26)

=== Dopo Ricerca Locale ===
Agente 0: [0, 1, 2, 4, 7, 10, 12, 15, 18, 19, 20, 25, 28, 31, 33, 34, 37, 40] (avg cost = 18.67)
Agente 1: [0, 1, 2, 4, 7, 10, 12, 15, 18, 19, 22, 25, 28, 29, 33, 34, 37, 40, 42, 44] (avg cost = 21.10)
Agente 2: [0, 1, 2, 4, 7, 8, 12, 15, 18, 19, 22, 24] (avg cost = 11.00)
Agente 3: [0, 1, 2, 4, 7, 8, 12, 15, 18, 19, 22, 25, 28, 30, 33] (avg cost = 14.93)
Agente 4: [0, 1, 2, 4, 7, 10, 11, 15, 18, 19, 21, 24, 28, 31, 33, 34, 37, 40, 42, 44, 46, 47] (avg cost = 19.77)
Agente 5: [0, 1, 2, 5, 7, 10, 12, 15, 18, 19, 22, 25, 28, 30, 33, 34, 37, 40, 42, 44, 46, 48] (avg cost = 17.86)
Agente 6: [0, 1, 2, 5, 7, 10, 12, 15, 18, 19, 22, 25, 28, 31, 34, 35, 37, 40, 42, 45, 46, 48] (avg cost = 18.64)
Agente 7: [0, 1, 2, 4, 7, 10, 12, 15, 17, 18, 19, 25, 28, 31, 34, 35, 38, 40, 42, 44, 46, 48] (avg cost = 23.45)
Agente 8: [0, 1, 2, 4, 7, 10, 13, 16, 18, 19, 22, 25] (avg cost = 11.42)
Agente 9: [0, 1, 2, 5, 6, 10, 12, 15, 18, 19, 22, 25] (avg cost = 11.25)
Agente 10: [0, 1, 2, 5, 7, 10, 13, 15, 18, 19, 22, 25, 28, 31, 34, 35, 38, 40, 42, 45, 46, 48, 49] (avg cost = 23.88)
Agente 11: [0, 1, 2, 5, 7, 10, 13, 16, 18, 19, 22] (avg cost = 10.27)
Agente 12: [0, 1, 2, 5, 7, 10, 13, 16, 18, 19, 22, 25] (avg cost = 11.50)
Agente 13: [0, 1, 2, 4, 5, 10, 13, 16, 18, 19, 22, 25, 28, 31, 34, 35, 38, 40, 43, 45, 46, 48] (avg cost = 18.03)
Agente 14: [0, 1, 2, 5, 8, 10, 13, 16, 18, 19, 21, 25, 26, 31, 34, 35, 38, 40, 41, 45, 46, 47] (avg cost = 20.84)
Agente 15: [0, 1, 2, 5, 8, 10, 13, 16, 18, 19, 22, 26, 28, 31, 34, 35, 38, 39, 43, 45, 46, 48] (avg cost = 22.91)
Agente 16: [0, 2, 3, 4, 8, 10, 13, 14, 18, 19] (avg cost = 9.10)
Agente 17: [0, 2, 3, 5, 8, 10, 13, 16, 18, 19, 23] (avg cost = 10.64)
Agente 18: [0, 2, 3, 5, 8, 11, 13, 16, 18, 19, 22, 26, 29, 31, 34, 35, 38] (avg cost = 18.24)
Agente 19: [0, 2, 2, 2, 2, 2, 2, 2, 18, 18, 18, 18, 18, 18, 18, 18, 18, 18, 18, 18, 18, 18, 18] (avg cost = 12.35)
Agente 20: [0, 2, 3, 5, 8, 11, 13, 16, 18, 19, 22, 26, 27, 32, 34, 35, 38, 40, 43, 45, 46, 49] (avg cost = 19.00)
Agente 21: [0, 2, 3, 5, 8, 11, 13, 16, 18, 20, 23, 26, 29, 32, 34, 35, 38, 40, 43, 45, 46, 49] (avg cost = 19.85)
Agente 22: [0, 2, 3, 5, 8, 11, 13, 16, 18, 19, 23, 25, 29, 32, 34, 35, 38, 40, 43] (avg cost = 20.74)
Agente 23: [0, 2, 3, 5, 8, 11, 13, 16, 18, 19, 23, 26, 29, 32, 34, 35, 37, 38, 42, 45, 46, 48] (avg cost = 21.20)
Agente 24: [0, 1, 2, 5, 8, 11, 13, 16, 18, 19, 23, 26, 29, 32, 34, 35] (avg cost = 17.00)
Agente 25: [0, 2, 3, 5, 8, 11, 12, 16, 18, 20, 23, 26, 29, 32, 34, 35, 38, 40, 42, 46, 47, 49] (avg cost = 18.48)
Agente 26: [0, 2, 3, 6, 8, 9, 14, 16, 18, 20, 23, 26, 29, 32, 34, 36, 38, 41, 42, 45, 46] (avg cost = 23.24)
Agente 27: [0, 2, 3, 5, 8, 11, 14, 16, 18, 20, 21, 26, 29, 32, 34, 35, 39, 41, 43, 44, 46, 49] (avg cost = 23.30)
Agente 28: [0, 1, 2, 6, 8, 11, 14, 17, 18, 20, 23, 24, 29, 31, 34, 36, 39, 41, 43, 45, 46, 49] (avg cost = 19.18)
Agente 29: [0, 2, 3, 6, 8, 11, 14, 17, 18, 19, 23, 26, 29, 32, 33, 34, 39, 41, 43, 46, 47, 48] (avg cost = 19.25)
Agente 30: [0, 2, 3, 6, 9, 11, 13, 17, 18, 20, 23, 27, 29, 32, 34, 36, 39, 41, 43, 46, 47, 49] (avg cost = 22.71)
Agente 31: [0, 2, 3, 6, 7, 11, 14, 17, 18, 20, 23, 27, 29, 32, 34, 36, 39, 41, 43, 46, 47, 49] (avg cost = 19.43)
Agente 32: [0, 2, 3, 6, 9, 11, 14, 17, 18, 20, 23, 27] (avg cost = 12.50)
Agente 33: [0, 2, 3, 6, 9, 10, 14, 17, 18, 20, 23, 27, 30, 33, 34, 36, 39, 41, 43, 46] (avg cost = 22.55)
Agente 34: [0, 2, 3, 6, 9, 11, 14, 17, 18, 20, 23, 27, 30, 33, 34, 36, 39, 41, 44, 46] (avg cost = 22.65)
Agente 35: [0, 2, 4, 6, 9, 11, 14, 16, 18, 21, 24, 26] (avg cost = 12.58)
Agente 36: [0, 2, 3, 6, 9, 11, 14, 17, 18, 20, 24, 27, 29, 33, 34, 36, 39, 41, 44, 46, 47] (avg cost = 17.24)
Agente 37: [0, 2, 4, 6, 9, 11, 14, 17, 18, 21, 24, 27, 30, 33, 34, 35, 39, 41, 44, 46, 47] (avg cost = 20.08)
Agente 38: [0, 2, 4, 6, 9, 11, 14, 15, 18, 20, 24, 27, 29] (avg cost = 13.77)
Agente 39: [0, 2, 3, 6, 7, 12, 14, 17, 18, 21, 24, 27, 29, 30, 34, 36, 39, 41, 44, 46] (avg cost = 22.50)
Agente 40: [0, 2, 4, 6, 9, 11, 14, 17, 18, 21, 24, 27, 30, 33, 34, 36, 39, 42, 44, 46, 47] (avg cost = 24.00)
Agente 41: [0, 2, 3, 6, 9, 12, 15, 17, 18, 21, 24] (avg cost = 11.55)
Agente 42: [0, 2, 4, 6, 9, 12, 15, 17, 18, 21, 24, 27, 30, 33, 34, 37, 39, 42, 44, 46, 47] (avg cost = 24.14)
Agente 43: [0, 2, 4, 6, 9, 12, 15, 17, 18, 21, 24, 26, 30] (avg cost = 14.15)
Agente 44: [0, 2, 4, 6, 9, 12, 15, 17, 18, 21, 24, 27, 30, 33, 34, 35] (avg cost = 17.94)
Agente 45: [0, 2, 4, 7, 9, 12, 14, 17, 18, 21, 24] (avg cost = 11.64)
Agente 46: [0, 2, 4, 7, 9, 12, 15, 18, 19, 21, 24, 28, 30, 33, 34, 37, 39, 42, 44, 46, 48] (avg cost = 24.38)
Agente 47: [0, 2, 4, 7, 10, 12, 15, 17, 18, 21, 24, 27, 30] (avg cost = 14.38)
Agente 48: [1, 2, 4, 7, 10, 12, 14, 16, 18, 19, 24, 28, 31, 33, 34, 37] (avg cost = 18.12)
Agente 49: [0, 2, 4, 7, 10, 12, 15, 18, 19, 21, 24, 28, 30, 33, 34, 37, 40, 42, 44, 45, 46] (avg cost = 21.29)

Agente peggiore dopo local search: 46 (costo medio = 24.38)

Coincidenza allocazione Greedy / Locale?  No