 Istanza: MMLE_5
- Agenti: 50
- Slot: 50

=== Soluzione Greedy ===
Agente 0: [0, 1, 4, 7, 8, 10, 13, 15, 19, 22, 25, 28, 30, 33, 35, 38] (avg cost = 18.00)
Agente 1: [0, 2, 4, 7, 8, 10, 13, 16, 19, 22, 25, 28, 31, 32, 35, 39] (avg cost = 18.19)
Agente 2: [0, 1, 4, 7, 8, 10, 13, 16, 19, 22, 25, 28, 31, 33, 36, 39, 42, 43, 44, 48] (avg cost = 23.45)
Agente 3: [0, 1, 5, 6, 7, 10, 13, 16, 18, 22, 25, 27, 31, 33, 36, 39, 41, 43, 44, 48] (avg cost = 16.61)
Agente 4: [0, 2, 5, 7, 8, 10, 13, 16, 19, 22, 25, 28, 31, 33, 35, 39, 42, 43, 45, 48] (avg cost = 23.55)
Agente 5: [0, 2, 3, 7, 8, 10, 13, 16, 19, 22, 25, 28, 31, 33, 36, 39] (avg cost = 18.25)
Agente 6: [0, 2, 3, 7, 8, 10, 12, 16, 19, 22, 25, 28, 31, 33, 34, 39, 40, 43, 45] (avg cost = 21.95)
Agente 7: [0, 2, 4, 7, 8, 10, 13, 16, 18, 23, 25, 28, 31, 34] (avg cost = 15.64)
Agente 8: [0, 2, 5, 7, 8, 10, 13, 16, 19, 22, 25, 28, 31, 32, 36, 39, 41, 43, 45] (avg cost = 22.21)
Agente 9: [0, 2, 5, 7, 8, 10, 13, 16, 19, 21, 25, 28, 31, 34, 36, 39, 42, 43, 45, 48] (avg cost = 16.86)
Agente 10: [0, 2, 4, 7, 8, 11, 13, 16, 19, 23, 26, 28, 31, 34, 36, 39, 42, 43, 46, 48] (avg cost = 18.31)
Agente 11: [0, 2, 5, 7, 8, 11, 13, 16, 20, 23] (avg cost = 10.50)
Agente 12: [0, 2, 5, 7, 8, 11, 13, 16, 17, 23, 26, 29, 31, 34, 36, 39, 42] (avg cost = 19.94)
Agente 13: [0, 2, 5, 7, 8, 10, 13, 16, 20, 23, 26, 29, 31, 34, 36, 39, 42, 43, 45, 48] (avg cost = 17.04)
Agente 14: [0, 2, 5, 7, 8, 11, 13, 16, 20, 23, 26, 28, 31, 34, 36, 40, 42, 43, 45, 48] (avg cost = 19.12)
Agente 15: [0, 2, 5, 7, 8, 11, 14, 17, 19, 23, 26, 29, 31, 34, 36, 37, 42, 43, 44, 48] (avg cost = 23.80)
Agente 16: [0, 2, 5, 7, 8, 9, 13, 17, 20, 23, 26, 29] (avg cost = 13.25)
Agente 17: [0, 2, 5, 7, 8, 11, 14, 17, 19, 21, 26, 29, 31, 34, 37, 38, 42, 43, 44, 49] (avg cost = 18.35)
Agente 18: [0, 2, 5, 7, 8, 11, 14, 17, 20, 23, 26, 29, 31, 34, 37, 40, 42, 43, 46, 48, 49] (avg cost = 21.28)
Agente 19: [0, 2, 5, 7, 8, 9, 10, 17, 20, 22, 26, 29, 31, 34, 37, 40] (avg cost = 18.56)
Agente 20: [0, 2, 5, 7, 8, 11, 14, 17, 20, 23, 26, 27, 31, 34, 37] (avg cost = 17.47)
Agente 21: [0, 2, 5, 7, 8, 11, 14, 17, 20, 23, 25, 29, 31, 32, 37, 39, 42, 43, 46, 47] (avg cost = 17.70)
Agente 22: [0, 2, 5, 7, 9, 11, 14, 17, 19, 23, 26, 29, 32, 34, 37, 40, 42, 43, 46, 49] (avg cost = 16.72)
Agente 23: [0, 2, 5, 7, 9, 10, 14, 17, 20, 23, 26, 29, 31, 34, 36, 40, 42] (avg cost = 20.29)
Agente 24: [0, 3, 5, 7, 9, 11, 14, 16, 20, 23, 26, 29, 32, 34, 37, 40, 43, 44, 46, 49] (avg cost = 16.83)
Agente 25: [0, 3, 5, 7, 9, 11, 14, 17, 20, 23, 26, 29, 32, 34, 37, 40, 43, 44, 46, 49] (avg cost = 19.56)
Agente 26: [0, 3, 6, 7, 9, 11, 14, 17, 20, 23, 27, 29, 31, 34, 37, 40, 43, 44, 46, 49] (avg cost = 24.50)
Agente 27: [0, 3, 6, 7, 9, 11, 14, 17, 20, 24, 27, 30, 32, 34, 36, 40] (avg cost = 19.38)
Agente 28: [0, 3, 5, 7, 9, 11, 12, 14, 20, 24, 27, 29, 32, 34, 37, 40, 43, 44, 46, 49] (avg cost = 17.36)
Agente 29: [0, 3, 6, 7, 9, 12, 14, 17, 21, 24] (avg cost = 11.30)
Agente 30: [0, 3, 6, 7, 9, 12, 14, 17, 20, 24, 27] (avg cost = 12.64)
Agente 31: [0, 3, 4, 7, 9, 11, 14, 18, 21, 23, 27, 30, 32, 34, 37, 41, 43] (avg cost = 20.82)
Agente 32: [0, 3, 6, 7, 9, 12, 14, 18, 21, 24, 27, 30, 32, 34, 38, 41, 42, 43, 47, 49] (avg cost = 21.61)
Agente 33: [1, 3, 6, 7, 9, 12, 14, 18, 21, 24, 27, 30, 32, 34, 38, 41, 43, 44, 45, 49] (avg cost = 24.90)
Agente 34: [1, 3, 6, 7, 9, 12, 15, 17, 21, 24] (avg cost = 11.50)
Agente 35: [0, 3, 6, 7, 9, 12, 15, 18, 21, 24, 27, 29, 32, 34, 38, 41, 43, 44, 47] (avg cost = 20.45)
Agente 36: [1, 3, 6, 7, 9, 12, 15, 18, 21, 24, 27, 30, 32, 34] (avg cost = 17.07)
Agente 37: [1, 3, 6, 7, 9, 12, 15, 18, 21, 24, 27, 30, 32, 35, 38, 41, 42, 43, 47] (avg cost = 18.79)
Agente 38: [1, 4, 6, 7, 9, 12, 15, 18, 21, 24, 27, 29, 32, 35, 38, 41, 42, 43] (avg cost = 22.44)
Agente 39: [1, 4, 6, 7, 9, 12, 15, 16, 21, 24, 27, 30] (avg cost = 14.33)
Agente 40: [1, 3, 6, 7, 9, 12, 15, 18, 19, 24, 27, 30, 31, 35, 38, 40, 43, 44, 47] (avg cost = 19.52)
Agente 41: [0, 4, 6, 7, 9, 12, 15, 18, 21, 25, 27, 30, 32, 35, 38, 41, 43, 44, 47] (avg cost = 18.16)
Agente 42: [1, 4, 6, 7, 9, 12, 15, 18, 21, 24, 27, 30, 33, 35, 38, 40, 43, 44, 47] (avg cost = 20.64)
Agente 43: [1, 4, 6, 7, 10, 12, 15, 18, 21, 25, 27, 30, 32, 35, 38, 39, 43, 44, 47] (avg cost = 19.74)
Agente 44: [1, 4, 6, 7, 10, 12, 15, 18, 22, 25, 28, 30, 33, 35, 38, 41, 43, 45, 47] (avg cost = 16.43)
Agente 45: [1, 4, 6, 7, 10, 12, 15, 19, 22, 24, 27, 30, 33] (avg cost = 16.15)
Agente 46: [1, 4, 6, 7, 8, 12, 15, 18, 22, 25, 28, 30, 33, 35, 38, 40, 43, 45, 47] (avg cost = 16.32)
Agente 47: [1, 4, 6, 7, 10, 13, 16, 19, 21, 25, 28, 31, 33, 35, 38, 41, 43, 45, 47] (avg cost = 15.97)
Agente 48: [1, 4, 6, 7, 10, 12, 16, 19, 21, 24] (avg cost = 12.00)
Agente 49: [1, 4, 7, 8, 10, 13, 16, 19, 22, 25, 28, 31, 33, 35, 38, 42, 43, 45, 48] (avg cost = 17.33)

Agente peggiore: 33 (costo medio = 24.90)

=== Dopo Ricerca Locale ===
Agente 0: [0, 1, 4, 7, 8, 10, 13, 15, 19, 22, 25, 28, 30, 33, 35, 38] (avg cost = 18.00)
Agente 1: [0, 2, 4, 7, 8, 10, 13, 16, 19, 22, 25, 28, 31, 32, 35, 39] (avg cost = 18.19)
Agente 2: [0, 1, 4, 7, 8, 10, 13, 16, 19, 22, 25, 28, 31, 33, 36, 39, 42, 43, 44, 48] (avg cost = 23.45)
Agente 3: [0, 1, 5, 6, 7, 10, 13, 16, 18, 22, 25, 27, 31, 33, 36, 39, 41, 43, 44, 48] (avg cost = 16.61)
Agente 4: [0, 2, 5, 7, 8, 10, 13, 16, 19, 22, 25, 28, 31, 33, 35, 39, 42, 43, 45, 48] (avg cost = 23.55)
Agente 5: [0, 2, 3, 7, 8, 10, 13, 16, 19, 22, 25, 28, 31, 33, 36, 39] (avg cost = 18.25)
Agente 6: [0, 2, 3, 7, 8, 10, 12, 16, 19, 22, 25, 28, 31, 33, 34, 39, 40, 43, 45] (avg cost = 21.95)
Agente 7: [0, 2, 4, 7, 8, 10, 13, 16, 18, 23, 25, 28, 31, 34] (avg cost = 15.64)
Agente 8: [0, 2, 5, 7, 8, 10, 13, 16, 19, 22, 25, 28, 31, 32, 36, 39, 41, 43, 45] (avg cost = 22.21)
Agente 9: [0, 2, 5, 7, 8, 10, 13, 16, 19, 21, 25, 28, 31, 34, 36, 39, 42, 43, 45, 48] (avg cost = 16.86)
Agente 10: [0, 2, 4, 7, 8, 11, 13, 16, 19, 23, 26, 28, 31, 34, 36, 39, 42, 43, 46, 48] (avg cost = 18.31)
Agente 11: [0, 2, 5, 7, 8, 11, 13, 16, 20, 23] (avg cost = 10.50)
Agente 12: [0, 2, 5, 7, 8, 11, 13, 16, 17, 23, 26, 29, 31, 34, 36, 39, 42] (avg cost = 19.94)
Agente 13: [0, 2, 5, 7, 8, 10, 13, 16, 20, 23, 26, 29, 31, 34, 36, 39, 42, 43, 45, 48] (avg cost = 17.04)
Agente 14: [0, 2, 5, 7, 8, 11, 13, 16, 20, 23, 26, 28, 31, 34, 36, 40, 42, 43, 45, 48] (avg cost = 19.12)
Agente 15: [0, 2, 5, 7, 8, 11, 14, 17, 19, 23, 26, 29, 31, 34, 36, 37, 42, 43, 44, 48] (avg cost = 23.80)
Agente 16: [0, 2, 5, 7, 8, 9, 13, 17, 20, 23, 26, 29] (avg cost = 13.25)
Agente 17: [0, 2, 5, 7, 8, 11, 14, 17, 19, 21, 26, 29, 31, 34, 37, 38, 42, 43, 44, 49] (avg cost = 18.35)
Agente 18: [0, 2, 5, 7, 8, 11, 14, 17, 20, 23, 26, 29, 31, 34, 37, 40, 42, 43, 46, 48, 49] (avg cost = 21.28)
Agente 19: [0, 2, 5, 7, 8, 9, 10, 17, 20, 22, 26, 29, 31, 34, 37, 40] (avg cost = 18.56)
Agente 20: [0, 2, 5, 7, 8, 11, 14, 17, 20, 23, 26, 27, 31, 34, 37] (avg cost = 17.47)
Agente 21: [0, 2, 5, 7, 8, 11, 14, 17, 20, 23, 25, 29, 31, 32, 37, 39, 42, 43, 46, 47] (avg cost = 17.70)
Agente 22: [0, 2, 5, 7, 9, 11, 14, 17, 19, 23, 26, 29, 32, 34, 37, 40, 42, 43, 46, 49] (avg cost = 16.72)
Agente 23: [0, 2, 5, 7, 9, 10, 14, 17, 20, 23, 26, 29, 31, 34, 36, 40, 42] (avg cost = 20.29)
Agente 24: [0, 3, 5, 7, 9, 11, 14, 16, 20, 23, 26, 29, 32, 34, 37, 40, 43, 44, 46, 49] (avg cost = 16.83)
Agente 25: [0, 3, 5, 7, 9, 11, 14, 17, 20, 23, 26, 29, 32, 34, 37, 40, 43, 44, 46, 49] (avg cost = 19.56)
Agente 26: [0, 3, 6, 7, 9, 11, 14, 17, 20, 23, 27, 29, 31, 34, 37, 40, 43, 44, 46, 49] (avg cost = 24.50)
Agente 27: [0, 3, 6, 7, 9, 11, 14, 17, 20, 24, 27, 30, 32, 34, 36, 40] (avg cost = 19.38)
Agente 28: [0, 3, 5, 7, 9, 11, 12, 14, 20, 24, 27, 29, 32, 34, 37, 40, 43, 44, 46, 49] (avg cost = 17.36)
Agente 29: [0, 3, 6, 7, 9, 12, 14, 17, 21, 24] (avg cost = 11.30)
Agente 30: [0, 3, 6, 7, 9, 12, 14, 17, 20, 24, 27] (avg cost = 12.64)
Agente 31: [0, 3, 4, 7, 9, 11, 14, 18, 21, 23, 27, 30, 32, 34, 37, 41, 43] (avg cost = 20.82)
Agente 32: [0, 3, 6, 7, 9, 12, 14, 18, 21, 24, 27, 30, 32, 34, 38, 41, 42, 43, 47, 49] (avg cost = 21.61)
Agente 33: [1, 3, 6, 7, 7, 7, 7, 7, 7, 7, 7, 7, 7, 7, 7, 7, 7, 7, 7, 7] (avg cost = 6.45)
Agente 34: [1, 3, 6, 7, 9, 12, 15, 17, 21, 24] (avg cost = 11.50)
Agente 35: [0, 3, 6, 7, 9, 12, 15, 18, 21, 24, 27, 29, 32, 34, 38, 41, 43, 44, 47] (avg cost = 20.45)
Agente 36: [1, 3, 6, 7, 9, 12, 15, 18, 21, 24, 27, 30, 32, 34] (avg cost = 17.07)
Agente 37: [1, 3, 6, 7, 9, 12, 15, 18, 21, 24, 27, 30, 32, 35, 38, 41, 42, 43, 47] (avg cost = 18.79)
Agente 38: [1, 4, 6, 7, 9, 12, 15, 18, 21, 24, 27, 29, 32, 35, 38, 41, 42, 43] (avg cost = 22.44)
Agente 39: [1, 4, 6, 7, 9, 12, 15, 16, 21, 24, 27, 30] (avg cost = 14.33)
Agente 40: [1, 3, 6, 7, 9, 12, 15, 18, 19, 24, 27, 30, 31, 35, 38, 40, 43, 44, 47] (avg cost = 19.52)
Agente 41: [0, 4, 6, 7, 9, 12, 15, 18, 21, 25, 27, 30, 32, 35, 38, 41, 43, 44, 47] (avg cost = 18.16)
Agente 42: [1, 4, 6, 7, 9, 12, 15, 18, 21, 24, 27, 30, 33, 35, 38, 40, 43, 44, 47] (avg cost = 20.64)
Agente 43: [1, 4, 6, 7, 10, 12, 15, 18, 21, 25, 27, 30, 32, 35, 38, 39, 43, 44, 47] (avg cost = 19.74)
Agente 44: [1, 4, 6, 7, 10, 12, 15, 18, 22, 25, 28, 30, 33, 35, 38, 41, 43, 45, 47] (avg cost = 16.43)
Agente 45: [1, 4, 6, 7, 10, 12, 15, 19, 22, 24, 27, 30, 33] (avg cost = 16.15)
Agente 46: [1, 4, 6, 7, 8, 12, 15, 18, 22, 25, 28, 30, 33, 35, 38, 40, 43, 45, 47] (avg cost = 16.32)
Agente 47: [1, 4, 6, 7, 10, 13, 16, 19, 21, 25, 28, 31, 33, 35, 38, 41, 43, 45, 47] (avg cost = 15.97)
Agente 48: [1, 4, 6, 7, 10, 12, 16, 19, 21, 24] (avg cost = 12.00)
Agente 49: [1, 4, 7, 8, 10, 13, 16, 19, 22, 25, 28, 31, 33, 35, 38, 42, 43, 45, 48] (avg cost = 17.33)

Agente peggiore dopo local search: 26 (costo medio = 24.50)

Coincidenza allocazione Greedy / Locale?  No