 Istanza: MMLE_6
- Agenti: 50
- Slot: 50

=== Soluzione Greedy ===
Agente 0: [0, 1, 4, 6, 9, 10, 14, 16, 19, 22, 24, 27, 30, 33, 36, 37, 40, 43, 44, 46, 49] (avg cost = 22.17)
Agente 1: [0, 1, 4, 6, 7, 11, 14, 16, 19, 22, 24, 25, 30, 33, 36] (avg cost = 16.53)
Agente 2: [0, 1, 4, 6, 9, 11, 14, 16, 18, 22, 24, 27, 30, 33, 36, 37, 40, 43, 44, 47, 48, 49] (avg cost = 18.63)
Agente 3: [0, 2, 4, 6, 9, 11, 14, 16, 19, 21, 24, 25, 30, 31, 36, 37] (avg cost = 17.81)
Agente 4: [0, 2, 4, 6, 9, 11, 14, 16, 19, 22, 24, 27, 31, 33, 37, 38, 40] (avg cost = 19.59)
Agente 5: [0, 2, 4, 6, 9, 11, 14, 17, 19, 22, 24, 27, 28, 33, 36, 37, 41, 43, 44, 47, 49] (avg cost = 18.32)
Agente 6: [0, 2, 4, 6, 9, 12, 14, 16, 19, 22, 24, 27, 28, 34, 37, 38, 39, 43, 44, 47] (avg cost = 15.50)
Agente 7: [0, 1, 4, 7, 9, 11, 13, 17, 19, 22, 24, 28] (avg cost = 12.92)
Agente 8: [0, 2, 4, 7, 9, 11, 14, 17, 19, 20, 25, 28, 30, 31, 37, 38, 41] (avg cost = 19.59)
Agente 9: [0, 2, 4, 7, 9, 12, 14, 17, 19, 20, 25, 27, 31, 34, 36, 37, 41] (avg cost = 19.71)
Agente 10: [0, 2, 4, 7, 9, 12, 14, 17, 19, 22, 25, 28, 31, 34, 37] (avg cost = 17.40)
Agente 11: [0, 2, 4, 7, 9, 11, 14, 17, 19, 22, 25, 28, 30, 34, 37, 38, 41, 43, 44, 47] (avg cost = 16.86)
Agente 12: [0, 2, 4, 7, 9, 12, 14, 17, 19, 22, 25, 26, 30, 34, 37, 38, 41] (avg cost = 19.82)
Agente 13: [0, 2, 4, 7, 9, 12, 14, 17, 20, 22, 25, 28] (avg cost = 13.33)
Agente 14: [0, 2, 4, 6, 9, 12, 14, 17, 20, 21, 25, 28, 31, 34, 37, 38, 41, 43, 44, 47] (avg cost = 18.92)
Agente 15: [0, 2, 4, 7, 10, 12, 14, 17, 20, 22, 25, 28, 31, 34, 37, 38, 41, 43, 44, 47] (avg cost = 20.70)
Agente 16: [0, 2, 4, 7, 9, 12, 15, 17, 20, 22] (avg cost = 10.80)
Agente 17: [0, 2, 4, 7, 10, 12, 14, 17, 18, 23, 25, 28, 31, 34, 37, 38, 41, 43, 45, 47, 49] (avg cost = 19.44)
Agente 18: [0, 2, 4, 7, 10, 12, 14, 17, 20, 23, 25, 28, 31, 33, 37, 38, 40, 43, 44, 47] (avg cost = 19.79)
Agente 19: [0, 2, 4, 7, 9, 12, 15, 17, 20, 23, 25, 28, 31, 34, 35, 37, 41, 43, 45, 48] (avg cost = 15.87)
Agente 20: [0, 2, 5, 7, 10, 11, 15, 17, 20, 23, 25, 28, 31, 34, 37, 38, 41] (avg cost = 20.24)
Agente 21: [0, 2, 5, 7, 9, 12, 15, 17, 20, 23, 25, 28, 31, 34, 37] (avg cost = 17.67)
Agente 22: [0, 2, 5, 7, 8, 12, 15, 17, 20, 23, 25, 28, 31, 34, 37, 38, 41, 43, 45, 48] (avg cost = 15.97)
Agente 23: [0, 3, 5, 7, 10, 12, 15, 17, 20, 23, 25, 29, 31, 34, 37] (avg cost = 17.87)
Agente 24: [0, 1, 5, 7, 10, 12, 15, 18, 20, 23, 25, 29, 31, 35, 37, 38, 42, 43, 44, 48] (avg cost = 21.95)
Agente 25: [0, 2, 5, 7, 10, 12, 15, 18, 20, 23, 25, 28, 31, 34, 37, 38, 40, 43, 44, 48] (avg cost = 20.87)
Agente 26: [0, 2, 5, 7, 10, 12, 15, 18, 19, 23, 25, 29, 31, 35, 37, 39, 41, 43, 45, 48] (avg cost = 16.69)
Agente 27: [0, 3, 5, 8, 10, 13, 15, 18, 20, 23, 25, 29, 32, 35, 37, 39, 42, 43, 45, 48] (avg cost = 16.33)
Agente 28: [0, 3, 5, 8, 10, 13, 15, 18, 20, 23, 25, 29, 32, 35, 37, 39, 42, 43, 45] (avg cost = 23.26)
Agente 29: [0, 3, 5, 8, 10, 13, 15, 18, 20, 23, 26, 29, 32, 35, 37, 39, 40, 43, 45, 48] (avg cost = 18.11)
Agente 30: [0, 3, 5, 8, 10, 13, 15, 18, 21, 23, 25, 29, 32, 35, 37, 39, 42, 43, 45, 47] (avg cost = 17.50)
Agente 31: [1, 3, 5, 8, 10, 13, 15, 18, 21, 23, 26] (avg cost = 13.00)
Agente 32: [1, 3, 5, 8, 10, 13, 15, 18, 21, 23, 26] (avg cost = 13.00)
Agente 33: [0, 3, 5, 8, 10, 13, 15, 18, 21, 22, 25, 29, 32, 35, 37, 39, 42, 43, 45, 46, 47] (avg cost = 19.81)
Agente 34: [1, 3, 5, 8, 10, 13, 15, 18, 21, 23, 26, 29, 32, 35, 37, 39] (avg cost = 19.69)
Agente 35: [1, 3, 5, 8, 10, 13, 15, 17, 21, 22, 26, 29, 32, 35, 37, 39, 42, 43, 45, 48] (avg cost = 16.93)
Agente 36: [1, 3, 5, 8, 11, 13, 15, 18, 21, 23, 26, 29, 32, 35, 37, 38, 42, 43, 45, 49] (avg cost = 17.03)
Agente 37: [1, 3, 6, 8, 10, 13, 15, 18, 21, 23, 26, 29, 32, 35, 37, 39, 40, 43, 46, 48] (avg cost = 24.65)
Agente 38: [1, 3, 5, 8, 9, 13, 16, 18, 21, 24, 26, 29, 32, 35, 37, 39, 42, 43, 46, 47] (avg cost = 18.30)
Agente 39: [1, 3, 5, 8, 11, 13, 16, 18, 21, 24, 26, 30, 32, 35, 37, 39, 42, 43, 45, 49] (avg cost = 23.71)
Agente 40: [1, 3, 5, 8, 11, 13, 16, 18, 21, 23, 26, 30, 33, 34, 37, 39, 42, 43, 46, 49] (avg cost = 17.17)
Agente 41: [1, 3, 5, 8, 11, 13, 16, 18, 21, 24, 26, 30, 31, 35, 37] (avg cost = 18.60)
Agente 42: [1, 3, 6, 8, 10, 13, 16, 19, 21, 23, 27, 30, 33, 36, 37, 40, 42, 43, 46, 49] (avg cost = 17.96)
Agente 43: [1, 3, 6, 8, 11, 12, 16, 19, 21, 24, 27, 30, 31, 36, 37, 40, 42, 43, 46, 48] (avg cost = 21.78)
Agente 44: [1, 3, 6, 7, 11, 13, 16, 19, 21, 24, 27, 29, 33, 35, 37, 40, 42, 43, 46, 49] (avg cost = 19.31)
Agente 45: [1, 3, 6, 8, 11, 12, 16, 19, 21, 24, 27, 30, 33, 36, 37, 40, 43, 44, 46, 49] (avg cost = 18.74)
Agente 46: [1, 4, 6, 9, 11, 13, 16, 19, 21, 24, 27, 30, 32, 36, 37, 40, 43, 44, 46, 49] (avg cost = 21.17)
Agente 47: [1, 4, 6, 8, 10, 14, 16, 19, 21, 24, 27, 30, 33, 36, 37, 40, 42, 43] (avg cost = 22.83)
Agente 48: [1, 3, 6, 9, 11, 13, 16, 19, 22, 24, 26, 30, 33, 36, 37, 39, 43, 44, 46, 49] (avg cost = 21.12)
Agente 49: [1, 3, 6, 9, 11, 14, 16, 19, 22, 24, 27, 30, 33, 36, 37, 40, 43, 44, 47, 49] (avg cost = 19.65)

Agente peggiore: 37 (costo medio = 24.65)

=== Dopo Ricerca Locale ===
Agente 0: [0, 1, 4, 6, 9, 10, 14, 16, 19, 22, 24, 27, 30, 33, 36, 37, 40, 43, 44, 46, 49] (avg cost = 22.17)
Agente 1: [0, 1, 4, 6, 7, 11, 14, 16, 19, 22, 24, 25, 30, 33, 36] (avg cost = 16.53)
Agente 2: [0, 1, 4, 6, 9, 11, 14, 16, 18, 22, 24, 27, 30, 33, 36, 37, 40, 43, 44, 47, 48, 49] (avg cost = 18.63)
Agente 3: [0, 2, 4, 6, 9, 11, 14, 16, 19, 21, 24, 25, 30, 31, 36, 37] (avg cost = 17.81)
Agente 4: [0, 2, 4, 6, 9, 11, 14, 16, 19, 22, 24, 27, 31, 33, 37, 38, 40] (avg cost = 19.59)
Agente 5: [0, 2, 4, 6, 9, 11, 14, 17, 19, 22, 24, 27, 28, 33, 36, 37, 41, 43, 44, 47, 49] (avg cost = 18.32)
Agente 6: [0, 2, 4, 6, 9, 12, 14, 16, 19, 22, 24, 27, 28, 34, 37, 38, 39, 43, 44, 47] (avg cost = 15.50)
Agente 7: [0, 1, 4, 7, 9, 11, 13, 17, 19, 22, 24, 28] (avg cost = 12.92)
Agente 8: [0, 2, 4, 7, 9, 11, 14, 17, 19, 20, 25, 28, 30, 31, 37, 38, 41] (avg cost = 19.59)
Agente 9: [0, 2, 4, 7, 9, 12, 14, 17, 19, 20, 25, 27, 31, 34, 36, 37, 41] (avg cost = 19.71)
Agente 10: [0, 2, 4, 7, 9, 12, 14, 17, 19, 22, 25, 28, 31, 34, 37] (avg cost = 17.40)
Agente 11: [0, 2, 4, 7, 9, 11, 14, 17, 19, 22, 25, 28, 30, 34, 37, 38, 41, 43, 44, 47] (avg cost = 16.86)
Agente 12: [0, 2, 4, 7, 9, 12, 14, 17, 19, 22, 25, 26, 30, 34, 37, 38, 41] (avg cost = 19.82)
Agente 13: [0, 2, 4, 7, 9, 12, 14, 17, 20, 22, 25, 28] (avg cost = 13.33)
Agente 14: [0, 2, 4, 6, 9, 12, 14, 17, 20, 21, 25, 28, 31, 34, 37, 38, 41, 43, 44, 47] (avg cost = 18.92)
Agente 15: [0, 2, 4, 7, 10, 12, 14, 17, 20, 22, 25, 28, 31, 34, 37, 38, 41, 43, 44, 47] (avg cost = 20.70)
Agente 16: [0, 2, 4, 7, 9, 12, 15, 17, 20, 22] (avg cost = 10.80)
Agente 17: [0, 2, 4, 7, 10, 12, 14, 17, 18, 23, 25, 28, 31, 34, 37, 38, 41, 43, 45, 47, 49] (avg cost = 19.44)
Agente 18: [0, 2, 4, 7, 10, 12, 14, 17, 20, 23, 25, 28, 31, 33, 37, 38, 40, 43, 44, 47] (avg cost = 19.79)
Agente 19: [0, 2, 4, 7, 9, 12, 15, 17, 20, 23, 25, 28, 31, 34, 35, 37, 41, 43, 45, 48] (avg cost = 15.87)
Agente 20: [0, 2, 5, 7, 10, 11, 15, 17, 20, 23, 25, 28, 31, 34, 37, 38, 41] (avg cost = 20.24)
Agente 21: [0, 2, 5, 7, 9, 12, 15, 17, 20, 23, 25, 28, 31, 34, 37] (avg cost = 17.67)
Agente 22: [0, 2, 5, 7, 8, 12, 15, 17, 20, 23, 25, 28, 31, 34, 37, 38, 41, 43, 45, 48] (avg cost = 15.97)
Agente 23: [0, 3, 5, 7, 10, 12, 15, 17, 20, 23, 25, 29, 31, 34, 37] (avg cost = 17.87)
Agente 24: [0, 1, 5, 7, 10, 12, 15, 18, 20, 23, 25, 29, 31, 35, 37, 38, 42, 43, 44, 48] (avg cost = 21.95)
Agente 25: [0, 2, 5, 7, 10, 12, 15, 18, 20, 23, 25, 28, 31, 34, 37, 38, 40, 43, 44, 48] (avg cost = 20.87)
Agente 26: [0, 2, 5, 7, 10, 12, 15, 18, 19, 23, 25, 29, 31, 35, 37, 39, 41, 43, 45, 48] (avg cost = 16.69)
Agente 27: [0, 3, 5, 8, 10, 13, 15, 18, 20, 23, 25, 29, 32, 35, 37, 39, 42, 43, 45, 48] (avg cost = 16.33)
Agente 28: [0, 3, 5, 8, 10, 13, 15, 18, 20, 23, 25, 29, 32, 35, 37, 39, 42, 43, 45] (avg cost = 23.26)
Agente 29: [0, 3, 5, 8, 10, 13, 15, 18, 20, 23, 26, 29, 32, 35, 37, 39, 40, 43, 45, 48] (avg cost = 18.11)
Agente 30: [0, 3, 5, 8, 10, 13, 15, 18, 21, 23, 25, 29, 32, 35, 37, 39, 42, 43, 45, 47] (avg cost = 17.50)
Agente 31: [1, 3, 5, 8, 10, 13, 15, 18, 21, 23, 26] (avg cost = 13.00)
Agente 32: [1, 3, 5, 8, 10, 13, 15, 18, 21, 23, 26] (avg cost = 13.00)
Agente 33: [0, 3, 5, 8, 10, 13, 15, 18, 21, 22, 25, 29, 32, 35, 37, 39, 42, 43, 45, 46, 47] (avg cost = 19.81)
Agente 34: [1, 3, 5, 8, 10, 13, 15, 18, 21, 23, 26, 29, 32, 35, 37, 39] (avg cost = 19.69)
Agente 35: [1, 3, 5, 8, 10, 13, 15, 17, 21, 22, 26, 29, 32, 35, 37, 39, 42, 43, 45, 48] (avg cost = 16.93)
Agente 36: [1, 3, 5, 8, 11, 13, 15, 18, 21, 23, 26, 29, 32, 35, 37, 38, 42, 43, 45, 49] (avg cost = 17.03)
Agente 37: [1, 3, 6, 8, 10, 13, 15, 18, 21, 23, 26, 29, 32, 35, 37, 37, 37, 37, 37, 37] (avg cost = 23.10)
Agente 38: [1, 3, 5, 8, 9, 13, 16, 18, 21, 24, 26, 29, 32, 35, 37, 39, 42, 43, 46, 47] (avg cost = 18.30)
Agente 39: [1, 3, 5, 8, 11, 13, 16, 18, 21, 24, 26, 30, 32, 35, 37, 39, 42, 43, 45, 49] (avg cost = 23.71)
Agente 40: [1, 3, 5, 8, 11, 13, 16, 18, 21, 23, 26, 30, 33, 34, 37, 39, 42, 43, 46, 49] (avg cost = 17.17)
Agente 41: [1, 3, 5, 8, 11, 13, 16, 18, 21, 24, 26, 30, 31, 35, 37] (avg cost = 18.60)
Agente 42: [1, 3, 6, 8, 10, 13, 16, 19, 21, 23, 27, 30, 33, 36, 37, 40, 42, 43, 46, 49] (avg cost = 17.96)
Agente 43: [1, 3, 6, 8, 11, 12, 16, 19, 21, 24, 27, 30, 31, 36, 37, 40, 42, 43, 46, 48] (avg cost = 21.78)
Agente 44: [1, 3, 6, 7, 11, 13, 16, 19, 21, 24, 27, 29, 33, 35, 37, 40, 42, 43, 46, 49] (avg cost = 19.31)
Agente 45: [1, 3, 6, 8, 11, 12, 16, 19, 21, 24, 27, 30, 33, 36, 37, 40, 43, 44, 46, 49] (avg cost = 18.74)
Agente 46: [1, 4, 6, 9, 11, 13, 16, 19, 21, 24, 27, 30, 32, 36, 37, 40, 43, 44, 46, 49] (avg cost = 21.17)
Agente 47: [1, 4, 6, 8, 10, 14, 16, 19, 21, 24, 27, 30, 33, 36, 37, 40, 42, 43] (avg cost = 22.83)
Agente 48: [1, 3, 6, 9, 11, 13, 16, 19, 22, 24, 26, 30, 33, 36, 37, 39, 43, 44, 46, 49] (avg cost = 21.12)
Agente 49: [1, 3, 6, 9, 11, 14, 16, 19, 22, 24, 27, 30, 33, 36, 37, 40, 43, 44, 47, 49] (avg cost = 19.65)

Agente peggiore dopo local search: 39 (costo medio = 23.71)

Coincidenza allocazione Greedy / Locale?  No