 Istanza: MMLE_2
- Agenti: 50
- Slot: 50

=== Soluzione Greedy ===
Agente 0: [0, 1, 3, 5, 6, 9, 12, 13, 16, 18, 22] (avg cost = 9.55)
Agente 1: [0, 1, 3, 4, 5, 9, 12, 13, 16, 19, 22, 25, 26, 28, 31, 35, 38, 41, 44, 46, 48] (avg cost = 21.18)
Agente 2: [0, 1, 3, 5, 6, 9, 12, 13, 16, 18, 21] (avg cost = 9.45)
Agente 3: [0, 1, 3, 4, 5, 9, 12, 13, 16, 18, 22, 25, 26, 28, 31, 35, 36] (avg cost = 16.71)
Agente 4: [0, 1, 2, 5, 6, 9, 12, 13, 16, 19, 22, 25, 26, 28] (avg cost = 13.14)
Agente 5: [0, 1, 3, 5, 6, 9, 12, 13, 14, 15, 22, 25, 26, 28, 31, 35, 38, 41] (avg cost = 18.00)
Agente 6: [0, 1, 2, 5, 6, 9, 12, 13, 16, 19, 22, 25, 26, 28, 29, 35, 37, 41, 43, 46] (avg cost = 20.75)
Agente 7: [0, 1, 3, 5, 6, 9, 12, 13, 16, 19] (avg cost = 8.40)
Agente 8: [0, 1, 3, 5, 7, 9, 12, 13, 16, 19, 22, 25, 26, 28, 32] (avg cost = 14.53)
Agente 9: [0, 1, 3, 5, 7, 10, 12, 13, 16, 19, 22, 25, 26, 28, 31, 35, 38, 41, 44, 46] (avg cost = 21.10)
Agente 10: [0, 1, 3, 5, 7, 10, 12, 13, 16, 19, 22, 25, 26, 28, 32] (avg cost = 14.60)
Agente 11: [0, 1, 3, 5, 6, 9, 12, 13, 16, 19, 22, 25, 26, 28, 32, 33, 38, 41, 44, 46, 48] (avg cost = 21.23)
Agente 12: [0, 1, 3, 5, 7, 10, 12, 13, 16, 19, 22, 23, 25, 28, 32, 35, 38, 41] (avg cost = 18.33)
Agente 13: [0, 1, 4, 5, 7, 10, 12, 14, 16, 17, 22, 25, 26, 29, 32, 35, 38, 42, 44] (avg cost = 19.95)
Agente 14: [0, 1, 3, 5, 7, 9, 12, 14, 16, 19, 22, 25, 26, 29, 32, 35] (avg cost = 15.94)
Agente 15: [0, 1, 3, 5, 7, 10, 12, 14, 16, 17, 23, 24, 25, 26, 32, 33, 39, 41, 45, 47, 48] (avg cost = 22.29)
Agente 16: [0, 1, 4, 5, 7, 10, 12, 13, 17, 19, 22, 25, 26, 29, 32, 33, 34, 42, 45, 47, 48] (avg cost = 18.84)
Agente 17: [0, 1, 4, 5, 7, 10, 12, 14, 17, 19, 23, 25, 26, 29, 32, 35, 38, 42, 44, 47, 49] (avg cost = 20.83)
Agente 18: [0, 1, 4, 5, 7, 10, 12, 14, 17, 18, 23, 25, 26, 29, 32, 35, 39] (avg cost = 17.47)
Agente 19: [0, 1, 4, 5, 7, 10, 12, 14, 16, 19, 23, 25, 26, 29, 32, 36, 39, 42, 44, 47, 49] (avg cost = 16.00)
Agente 20: [0, 2, 4, 5, 7, 10, 12, 14, 17, 19, 23, 25, 26, 29, 33, 36, 39, 40, 41, 47, 49] (avg cost = 17.07)
Agente 21: [0, 1, 4, 5, 7, 9, 12, 14, 16, 20, 23, 25, 26] (avg cost = 12.46)
Agente 22: [0, 2, 4, 5, 7, 10, 12, 14, 17, 20, 23, 25, 27, 29, 32, 36, 39] (avg cost = 17.76)
Agente 23: [0, 1, 4, 5, 7, 10, 12, 14, 15, 20, 23, 25, 26, 29, 33, 36] (avg cost = 16.25)
Agente 24: [0, 2, 4, 5, 7, 10, 12, 14, 17, 20, 23, 25, 27, 29, 32, 36, 39, 42, 45, 47, 49] (avg cost = 16.72)
Agente 25: [0, 2, 4, 5, 8, 10, 12, 14, 17, 20, 23, 25, 27, 29, 33, 36, 39, 42, 45, 47, 49] (avg cost = 18.73)
Agente 26: [0, 2, 4, 5, 7, 10, 12, 14, 17, 20, 23, 25, 27, 30, 33, 36, 39, 42] (avg cost = 19.22)
Agente 27: [0, 2, 4, 5, 8, 11, 12, 14, 17, 19, 23, 25, 27, 30, 33, 36, 38] (avg cost = 17.88)
Agente 28: [0, 1, 4, 5, 8, 11, 12, 14, 17, 20, 24, 25, 26, 30, 33, 36] (avg cost = 16.62)
Agente 29: [0, 2, 4, 5, 8, 11, 12, 14, 16, 20] (avg cost = 9.20)
Agente 30: [0, 2, 4, 5, 8, 11, 12, 14, 17, 20, 24, 25, 27, 29, 33, 37, 39, 43, 45, 46, 49] (avg cost = 16.90)
Agente 31: [0, 2, 5, 6, 8, 11, 12, 14, 17, 20] (avg cost = 9.50)
Agente 32: [0, 2, 4, 5, 8, 11, 12, 15, 17, 20, 24, 25, 27, 30, 33, 37, 39, 43, 45, 47] (avg cost = 22.20)
Agente 33: [0, 2, 4, 5, 8, 11, 12, 15, 18, 19, 24, 25, 27, 30, 33, 37, 40, 43, 45, 47, 49] (avg cost = 22.45)
Agente 34: [0, 2, 5, 6, 8, 11, 12, 15, 18, 20, 24, 25, 27, 30, 33, 37, 40] (avg cost = 18.41)
Agente 35: [0, 2, 4, 5, 8, 9, 12, 14, 18, 20, 24, 25, 27, 30, 31, 37, 40, 43, 45, 47] (avg cost = 14.70)
Agente 36: [0, 2, 5, 6, 8, 11, 12, 15, 18, 20, 24, 25, 27, 30, 31, 37, 40, 41, 45, 48, 49] (avg cost = 17.64)
Agente 37: [0, 2, 5, 6, 8, 11, 12, 15, 18, 20, 24, 25, 27, 30, 33, 37, 40, 42] (avg cost = 19.72)
Agente 38: [0, 2, 4, 5, 8, 11, 12, 15, 16, 21, 24, 25, 27, 30, 34, 37, 38, 43, 44, 45, 47] (avg cost = 22.18)
Agente 39: [0, 2, 5, 6, 8, 11, 12, 14, 18, 21, 24, 25, 27, 30, 34, 37, 40, 43, 46, 48, 49] (avg cost = 23.81)
Agente 40: [0, 2, 5, 6, 8, 11, 12, 15, 18, 21, 24, 25, 27, 31, 34, 37, 40] (avg cost = 18.59)
Agente 41: [0, 1, 5, 6, 8, 11, 12, 15, 18, 21, 24, 25, 27, 31, 34, 37, 40, 43, 46, 48] (avg cost = 16.74)
Agente 42: [0, 2, 5, 6, 8, 11, 12, 15, 18, 20, 23, 25, 28, 31, 34, 38, 40, 43, 46, 48] (avg cost = 18.88)
Agente 43: [0, 3, 5, 6, 9, 11, 12, 15, 18, 21, 24, 25, 27, 28] (avg cost = 14.57)
Agente 44: [0, 3, 5, 6, 8, 11, 12, 15, 18, 21, 24, 25, 28, 31, 34, 38, 41, 43, 46, 48] (avg cost = 15.76)
Agente 45: [0, 1, 5, 6, 9, 12, 13, 15, 18, 21, 24, 25, 27, 31, 34] (avg cost = 16.07)
Agente 46: [0, 3, 5, 6, 8, 12, 13, 15, 18, 21, 23, 25, 28, 31, 34, 38, 39, 44] (avg cost = 20.17)
Agente 47: [0, 3, 5, 6, 9, 12, 13, 15, 16, 21, 24, 25, 28, 31, 34, 37, 41, 44, 46, 48] (avg cost = 17.62)
Agente 48: [0, 3, 5, 6, 9, 10, 12, 15, 18, 21, 24, 25, 28, 31, 34, 38, 41, 42, 46, 47, 49] (avg cost = 21.00)
Agente 49: [0, 2, 5, 6, 9, 12, 13, 15, 18, 21, 25, 26, 28, 31, 34, 38, 41, 44, 46, 48] (avg cost = 15.93)

Agente peggiore: 39 (costo medio = 23.81)

=== Dopo Ricerca Locale ===
Agente 0: [0, 1, 3, 5, 6, 9, 12, 13, 16, 18, 22] (avg cost = 9.55)
Agente 1: [0, 1, 3, 4, 5, 9, 12, 13, 16, 19, 22, 25, 26, 28, 31, 35, 38, 41, 44, 46, 48] (avg cost = 21.18)
Agente 2: [0, 1, 3, 5, 6, 9, 12, 13, 16, 18, 21] (avg cost = 9.45)
Agente 3: [0, 1, 3, 4, 5, 9, 12, 13, 16, 18, 22, 25, 26, 28, 31, 35, 36] (avg cost = 16.71)
Agente 4: [0, 1, 2, 5, 6, 9, 12, 13, 16, 19, 22, 25, 26, 28] (avg cost = 13.14)
Agente 5: [0, 1, 3, 5, 6, 9, 12, 13, 14, 15, 22, 25, 26, 28, 31, 35, 38, 41] (avg cost = 18.00)
Agente 6: [0, 1, 2, 5, 6, 9, 12, 13, 16, 19, 22, 25, 26, 28, 29, 35, 37, 41, 43, 46] (avg cost = 20.75)
Agente 7: [0, 1, 3, 5, 6, 9, 12, 13, 16, 19] (avg cost = 8.40)
Agente 8: [0, 1, 3, 5, 7, 9, 12, 13, 16, 19, 22, 25, 26, 28, 32] (avg cost = 14.53)
Agente 9: [0, 1, 3, 5, 7, 10, 12, 13, 16, 19, 22, 25, 26, 28, 31, 35, 38, 41, 44, 46] (avg cost = 21.10)
Agente 10: [0, 1, 3, 5, 7, 10, 12, 13, 16, 19, 22, 25, 26, 28, 32] (avg cost = 14.60)
Agente 11: [0, 1, 3, 5, 6, 9, 12, 13, 16, 19, 22, 25, 26, 28, 32, 33, 38, 41, 44, 46, 48] (avg cost = 21.23)
Agente 12: [0, 1, 3, 5, 7, 10, 12, 13, 16, 19, 22, 23, 25, 28, 32, 35, 38, 41] (avg cost = 18.33)
Agente 13: [0, 1, 4, 5, 7, 10, 12, 14, 16, 17, 22, 25, 26, 29, 32, 35, 38, 42, 44] (avg cost = 19.95)
Agente 14: [0, 1, 3, 5, 7, 9, 12, 14, 16, 19, 22, 25, 26, 29, 32, 35] (avg cost = 15.94)
Agente 15: [0, 1, 3, 5, 7, 10, 12, 14, 16, 17, 23, 24, 25, 26, 32, 33, 39, 41, 45, 47, 48] (avg cost = 22.29)
Agente 16: [0, 1, 4, 5, 7, 10, 12, 13, 17, 19, 22, 25, 26, 29, 32, 33, 34, 42, 45, 47, 48] (avg cost = 18.84)
Agente 17: [0, 1, 4, 5, 7, 10, 12, 14, 17, 19, 23, 25, 26, 29, 32, 35, 38, 42, 44, 47, 49] (avg cost = 20.83)
Agente 18: [0, 1, 4, 5, 7, 10, 12, 14, 17, 18, 23, 25, 26, 29, 32, 35, 39] (avg cost = 17.47)
Agente 19: [0, 1, 4, 5, 7, 10, 12, 14, 16, 19, 23, 25, 26, 29, 32, 36, 39, 42, 44, 47, 49] (avg cost = 16.00)
Agente 20: [0, 2, 4, 5, 7, 10, 12, 14, 17, 19, 23, 25, 26, 29, 33, 36, 39, 40, 41, 47, 49] (avg cost = 17.07)
Agente 21: [0, 1, 4, 5, 7, 9, 12, 14, 16, 20, 23, 25, 26] (avg cost = 12.46)
Agente 22: [0, 2, 4, 5, 7, 10, 12, 14, 17, 20, 23, 25, 27, 29, 32, 36, 39] (avg cost = 17.76)
Agente 23: [0, 1, 4, 5, 7, 10, 12, 14, 15, 20, 23, 25, 26, 29, 33, 36] (avg cost = 16.25)
Agente 24: [0, 2, 4, 5, 7, 10, 12, 14, 17, 20, 23, 25, 27, 29, 32, 36, 39, 42, 45, 47, 49] (avg cost = 16.72)
Agente 25: [0, 2, 4, 5, 8, 10, 12, 14, 17, 20, 23, 25, 27, 29, 33, 36, 39, 42, 45, 47, 49] (avg cost = 18.73)
Agente 26: [0, 2, 4, 5, 7, 10, 12, 14, 17, 20, 23, 25, 27, 30, 33, 36, 39, 42] (avg cost = 19.22)
Agente 27: [0, 2, 4, 5, 8, 11, 12, 14, 17, 19, 23, 25, 27, 30, 33, 36, 38] (avg cost = 17.88)
Agente 28: [0, 1, 4, 5, 8, 11, 12, 14, 17, 20, 24, 25, 26, 30, 33, 36] (avg cost = 16.62)
Agente 29: [0, 2, 4, 5, 8, 11, 12, 14, 16, 20] (avg cost = 9.20)
Agente 30: [0, 2, 4, 5, 8, 11, 12, 14, 17, 20, 24, 25, 27, 29, 33, 37, 39, 43, 45, 46, 49] (avg cost = 16.90)
Agente 31: [0, 2, 5, 6, 8, 11, 12, 14, 17, 20] (avg cost = 9.50)
Agente 32: [0, 2, 4, 5, 8, 11, 12, 15, 17, 20, 24, 25, 27, 30, 33, 37, 39, 43, 45, 47] (avg cost = 22.20)
Agente 33: [0, 2, 4, 5, 8, 11, 12, 15, 18, 19, 24, 25, 27, 30, 33, 37, 40, 43, 45, 47, 49] (avg cost = 22.45)
Agente 34: [0, 2, 5, 6, 8, 11, 12, 15, 18, 20, 24, 25, 27, 30, 33, 37, 40] (avg cost = 18.41)
Agente 35: [0, 2, 4, 5, 8, 9, 12, 14, 18, 20, 24, 25, 27, 30, 31, 37, 40, 43, 45, 47] (avg cost = 14.70)
Agente 36: [0, 2, 5, 6, 8, 11, 12, 15, 18, 20, 24, 25, 27, 30, 31, 37, 40, 41, 45, 48, 49] (avg cost = 17.64)
Agente 37: [0, 2, 5, 6, 8, 11, 12, 15, 18, 20, 24, 25, 27, 30, 33, 37, 40, 42] (avg cost = 19.72)
Agente 38: [0, 2, 4, 5, 8, 11, 12, 15, 16, 21, 24, 25, 27, 30, 34, 37, 38, 43, 44, 45, 47] (avg cost = 22.18)
Agente 39: [0, 0, 0, 0, 0, 0, 0, 0, 0, 0, 0, 0, 0, 0, 0, 0, 0, 0, 0, 0, 0] (avg cost = 0.00)
Agente 40: [0, 2, 5, 6, 8, 11, 12, 15, 18, 21, 24, 25, 27, 31, 34, 37, 40] (avg cost = 18.59)
Agente 41: [0, 1, 5, 6, 8, 11, 12, 15, 18, 21, 24, 25, 27, 31, 34, 37, 40, 43, 46, 48] (avg cost = 16.74)
Agente 42: [0, 2, 5, 6, 8, 11, 12, 15, 18, 20, 23, 25, 28, 31, 34, 38, 40, 43, 46, 48] (avg cost = 18.88)
Agente 43: [0, 3, 5, 6, 9, 11, 12, 15, 18, 21, 24, 25, 27, 28] (avg cost = 14.57)
Agente 44: [0, 3, 5, 6, 8, 11, 12, 15, 18, 21, 24, 25, 28, 31, 34, 38, 41, 43, 46, 48] (avg cost = 15.76)
Agente 45: [0, 1, 5, 6, 9, 12, 13, 15, 18, 21, 24, 25, 27, 31, 34] (avg cost = 16.07)
Agente 46: [0, 3, 5, 6, 8, 12, 13, 15, 18, 21, 23, 25, 28, 31, 34, 38, 39, 44] (avg cost = 20.17)
Agente 47: [0, 3, 5, 6, 9, 12, 13, 15, 16, 21, 24, 25, 28, 31, 34, 37, 41, 44, 46, 48] (avg cost = 17.62)
Agente 48: [0, 3, 5, 6, 9, 10, 12, 15, 18, 21, 24, 25, 28, 31, 34, 38, 41, 42, 46, 47, 49] (avg cost = 21.00)
Agente 49: [0, 2, 5, 6, 9, 12, 13, 15, 18, 21, 25, 26, 28, 31, 34, 38, 41, 44, 46, 48] (avg cost = 15.93)

Agente peggiore dopo local search: 33 (costo medio = 22.45)

Coincidenza allocazione Greedy / Locale?  No