 Istanza: MMLE_3
- Agenti: 50
- Slot: 50

=== Soluzione Greedy ===
Agente 0: [0, 1, 3, 5, 7, 8, 11, 14, 15, 17, 20] (avg cost = 9.18)
Agente 1: [0, 1, 3, 5, 7, 8, 10, 14, 15, 17, 20, 23, 26, 29, 31, 33] (avg cost = 15.12)
Agente 2: [0, 1, 3, 5, 7, 8, 11, 14, 15, 17, 20, 22, 26, 29, 31, 33, 37, 38, 40, 43, 44, 46, 49] (avg cost = 21.56)
Agente 3: [0, 1, 3, 4, 7, 9, 11, 14, 15, 17, 21, 22, 26, 29, 31, 34, 37, 38, 40, 42, 45, 47, 49] (avg cost = 18.69)
Agente 4: [0, 1, 3, 5, 7, 8, 11, 14, 15, 17, 21, 23, 26, 27, 31, 32, 37, 38, 40] (avg cost = 18.74)
Agente 5: [0, 1, 3, 5, 7, 9, 11, 14, 15, 17, 20, 23, 26, 28, 31, 34, 37, 38, 39, 43] (avg cost = 20.05)
Agente 6: [0, 1, 3, 5, 7, 8, 11, 14, 15, 17, 21, 23, 27, 29, 31, 34, 37, 38] (avg cost = 17.83)
Agente 7: [0, 1, 3, 6, 7, 9, 11, 14, 15, 18, 21, 23, 24, 29, 31, 34, 36, 37, 40, 43, 45, 47] (avg cost = 19.00)
Agente 8: [0, 1, 3, 6, 7, 9, 11, 13, 14, 17, 21, 23, 27, 29, 31, 34, 37, 38, 40, 43] (avg cost = 20.20)
Agente 9: [0, 1, 3, 6, 7, 9, 11, 14, 15, 18, 21, 23, 27, 29, 31, 34, 37, 38, 41, 43, 45, 47] (avg cost = 17.24)
Agente 10: [0, 1, 3, 6, 7, 9, 11, 14, 15, 18, 21] (avg cost = 9.55)
Agente 11: [0, 1, 3, 6, 7, 9, 12, 14, 15, 18, 21] (avg cost = 9.64)
Agente 12: [0, 1, 3, 6, 7, 9, 11, 14, 15, 18, 21, 24, 26, 29, 31, 33, 37, 38, 40, 43, 45, 47, 49] (avg cost = 22.79)
Agente 13: [0, 1, 3, 6, 7, 9, 12, 14, 15, 18, 21, 24, 27, 29, 31, 34, 37, 38, 41, 43, 46] (avg cost = 21.71)
Agente 14: [0, 1, 3, 6, 7, 9, 11, 12, 14, 18, 21, 24, 27, 30] (avg cost = 13.07)
Agente 15: [0, 1, 3, 6, 7, 9, 12, 14, 15, 18, 21, 24, 25, 30, 31, 34, 37] (avg cost = 16.88)
Agente 16: [0, 1, 3, 6, 7, 9, 12, 14, 15, 17, 21, 24, 27] (avg cost = 12.00)
Agente 17: [0, 1, 3, 6, 7, 9, 12, 14, 15, 18, 21, 24, 27, 30, 31, 34, 37] (avg cost = 17.00)
Agente 18: [0, 1, 3, 6, 7, 9, 12, 14, 16, 18, 21, 24, 26, 29, 31, 35, 37, 38, 40, 43, 46, 48] (avg cost = 19.38)
Agente 19: [0, 1, 4, 6, 7, 9, 12, 14, 15, 18, 21, 24, 27, 30, 31, 34] (avg cost = 15.81)
Agente 20: [0, 1, 4, 6, 7, 9, 12, 14, 16, 18, 22, 24, 27, 30, 32, 35, 37, 38, 41, 43, 46, 48] (avg cost = 17.00)
Agente 21: [0, 1, 4, 6, 7, 9, 12, 14, 15, 18, 21, 24, 27, 30] (avg cost = 13.43)
Agente 22: [0, 1, 4, 6, 7, 9, 12, 14, 16, 18, 22, 24, 27, 30, 32, 34, 37, 39, 40, 43, 44, 45, 47] (avg cost = 22.04)
Agente 23: [0, 2, 4, 6, 7, 9, 11, 14, 16, 18, 19, 24, 28, 30, 32, 35, 37, 38, 41, 44, 46, 48] (avg cost = 18.85)
Agente 24: [0, 2, 4, 6, 7, 9, 12, 14, 16, 18, 22, 24, 26, 30, 31] (avg cost = 14.73)
Agente 25: [0, 1, 4, 6, 7, 9, 12, 14, 16, 18, 22, 24, 28, 30, 32, 35, 37, 39, 41, 44, 45, 48] (avg cost = 17.07)
Agente 26: [0, 2, 4, 7, 8, 10, 12, 14, 16, 19, 22, 24, 28, 30, 32, 33, 37, 39, 41, 44, 46, 47] (avg cost = 23.41)
Agente 27: [0, 2, 4, 7, 8, 10, 12, 14, 16, 19, 22, 25, 28, 31, 32, 35] (avg cost = 16.56)
Agente 28: [0, 2, 4, 7, 8, 10, 12, 14, 16, 19, 22, 23, 26, 31] (avg cost = 13.86)
Agente 29: [0, 2, 4, 7, 8, 10, 12, 14, 16, 19, 22, 25, 28, 31, 32, 35, 37, 39, 41, 44, 46] (avg cost = 22.48)
Agente 30: [0, 2, 4, 7, 8, 10, 12, 14, 16, 19, 22, 25, 28, 30, 32, 35, 37, 38, 41, 44, 46, 48] (avg cost = 19.19)
Agente 31: [0, 2, 4, 5, 7, 10, 12, 14, 16, 19, 22, 25, 27, 29, 32, 35, 37, 39, 42, 44, 45, 48] (avg cost = 17.72)
Agente 32: [0, 2, 4, 7, 8, 10, 13, 14, 16, 18, 22, 25, 28, 31, 32, 34, 37, 39, 42, 44, 46, 48] (avg cost = 17.33)
Agente 33: [0, 2, 3, 7, 8, 10, 13, 14, 16, 19, 22, 25, 27, 31, 32, 36, 37, 39, 42, 44, 46, 48] (avg cost = 17.37)
Agente 34: [0, 2, 4, 7, 8, 10, 13, 14, 16, 19, 20, 25, 28] (avg cost = 12.77)
Agente 35: [0, 2, 3, 7, 8, 10, 13, 14, 16, 19, 22, 25, 28, 31, 32, 33, 37, 39, 41, 44, 46] (avg cost = 22.38)
Agente 36: [0, 2, 4, 7, 8, 10, 13, 14, 16, 19, 22, 25, 28, 31, 32, 36, 37, 39, 42, 44, 47, 48, 49] (avg cost = 22.92)
Agente 37: [0, 2, 5, 7, 8, 10, 13, 14, 17, 19, 22, 25, 28, 31, 32, 36, 37] (avg cost = 18.00)
Agente 38: [0, 2, 5, 7, 8, 10, 13, 14, 17, 19, 22, 25, 28, 31, 32, 36, 37, 39, 42, 44, 47, 49] (avg cost = 19.52)
Agente 39: [0, 2, 5, 7, 8, 10, 13, 14, 16, 20, 22, 26, 28, 31, 32, 36, 37, 39, 42] (avg cost = 20.42)
Agente 40: [0, 2, 4, 7, 8, 10, 13, 14, 17, 20, 23, 26, 29, 31, 33, 36, 37, 40, 41, 44, 47, 48] (avg cost = 20.38)
Agente 41: [0, 3, 5, 7, 8, 10, 12, 14, 16, 20, 23, 26, 28, 29, 33, 36, 37, 39, 42, 45, 46, 49] (avg cost = 22.96)
Agente 42: [0, 3, 5, 7, 8, 10, 13, 14, 16, 19, 23, 26, 28, 31, 33, 36, 37, 40, 42, 45] (avg cost = 21.80)
Agente 43: [0, 3, 5, 7, 8, 10, 13, 14, 17, 18, 21, 26, 28, 30, 33] (avg cost = 15.53)
Agente 44: [0, 3, 5, 7, 8, 10, 13, 14, 17, 20] (avg cost = 9.70)
Agente 45: [0, 3, 5, 7, 8, 10, 13, 14, 15, 20, 22, 26, 29, 31, 33, 35, 37, 39, 42, 44, 47, 49] (avg cost = 20.35)
Agente 46: [0, 1, 5, 7, 8, 10, 13, 14, 17, 20, 23, 25, 29, 31, 33, 36, 37, 40, 42, 45, 47, 48] (avg cost = 19.67)
Agente 47: [0, 3, 5, 7, 8, 11, 14, 15, 17, 20, 23, 24, 29, 31, 33, 36, 37, 40, 43, 45, 46, 49] (avg cost = 20.62)
Agente 48: [0, 2, 4, 7, 8, 11, 13, 14, 16, 20, 23, 26, 28, 31, 33, 36, 37, 39, 40, 45, 47, 49] (avg cost = 24.05)
Agente 49: [0, 3, 5, 7, 8, 11, 13, 14, 17, 20, 23, 26, 29, 31, 33, 36, 37, 40] (avg cost = 19.61)

Agente peggiore: 48 (costo medio = 24.05)

=== Dopo Ricerca Locale ===
Agente 0: [0, 1, 3, 5, 7, 8, 11, 14, 15, 17, 20] (avg cost = 9.18)
Agente 1: [0, 1, 3, 5, 7, 8, 10, 14, 15, 17, 20, 23, 26, 29, 31, 33] (avg cost = 15.12)
Agente 2: [0, 1, 3, 5, 7, 8, 11, 14, 15, 17, 20, 22, 26, 29, 31, 33, 37, 38, 40, 43, 44, 46, 49] (avg cost = 21.56)
Agente 3: [0, 1, 3, 4, 7, 9, 11, 14, 15, 17, 21, 22, 26, 29, 31, 34, 37, 38, 40, 42, 45, 47, 49] (avg cost = 18.69)
Agente 4: [0, 1, 3, 5, 7, 8, 11, 14, 15, 17, 21, 23, 26, 27, 31, 32, 37, 38, 40] (avg cost = 18.74)
Agente 5: [0, 1, 3, 5, 7, 9, 11, 14, 15, 17, 20, 23, 26, 28, 31, 34, 37, 38, 39, 43] (avg cost = 20.05)
Agente 6: [0, 1, 3, 5, 7, 8, 11, 14, 15, 17, 21, 23, 27, 29, 31, 34, 37, 38] (avg cost = 17.83)
Agente 7: [0, 1, 3, 6, 7, 9, 11, 14, 15, 18, 21, 23, 24, 29, 31, 34, 36, 37, 40, 43, 45, 47] (avg cost = 19.00)
Agente 8: [0, 1, 3, 6, 7, 9, 11, 13, 14, 17, 21, 23, 27, 29, 31, 34, 37, 38, 40, 43] (avg cost = 20.20)
Agente 9: [0, 1, 3, 6, 7, 9, 11, 14, 15, 18, 21, 23, 27, 29, 31, 34, 37, 38, 41, 43, 45, 47] (avg cost = 17.24)
Agente 10: [0, 1, 3, 6, 7, 9, 11, 14, 15, 18, 21] (avg cost = 9.55)
Agente 11: [0, 1, 3, 6, 7, 9, 12, 14, 15, 18, 21] (avg cost = 9.64)
Agente 12: [0, 1, 3, 6, 7, 9, 11, 14, 15, 18, 21, 24, 26, 29, 31, 33, 37, 38, 40, 43, 45, 47, 49] (avg cost = 22.79)
Agente 13: [0, 1, 3, 6, 7, 9, 12, 14, 15, 18, 21, 24, 27, 29, 31, 34, 37, 38, 41, 43, 46] (avg cost = 21.71)
Agente 14: [0, 1, 3, 6, 7, 9, 11, 12, 14, 18, 21, 24, 27, 30] (avg cost = 13.07)
Agente 15: [0, 1, 3, 6, 7, 9, 12, 14, 15, 18, 21, 24, 25, 30, 31, 34, 37] (avg cost = 16.88)
Agente 16: [0, 1, 3, 6, 7, 9, 12, 14, 15, 17, 21, 24, 27] (avg cost = 12.00)
Agente 17: [0, 1, 3, 6, 7, 9, 12, 14, 15, 18, 21, 24, 27, 30, 31, 34, 37] (avg cost = 17.00)
Agente 18: [0, 1, 3, 6, 7, 9, 12, 14, 16, 18, 21, 24, 26, 29, 31, 35, 37, 38, 40, 43, 46, 48] (avg cost = 19.38)
Agente 19: [0, 1, 4, 6, 7, 9, 12, 14, 15, 18, 21, 24, 27, 30, 31, 34] (avg cost = 15.81)
Agente 20: [0, 1, 4, 6, 7, 9, 12, 14, 16, 18, 22, 24, 27, 30, 32, 35, 37, 38, 41, 43, 46, 48] (avg cost = 17.00)
Agente 21: [0, 1, 4, 6, 7, 9, 12, 14, 15, 18, 21, 24, 27, 30] (avg cost = 13.43)
Agente 22: [0, 1, 4, 6, 7, 9, 12, 14, 16, 18, 22, 24, 27, 30, 32, 34, 37, 39, 40, 43, 44, 45, 47] (avg cost = 22.04)
Agente 23: [0, 2, 4, 6, 7, 9, 11, 14, 16, 18, 19, 24, 28, 30, 32, 35, 37, 38, 41, 44, 46, 48] (avg cost = 18.85)
Agente 24: [0, 2, 4, 6, 7, 9, 12, 14, 16, 18, 22, 24, 26, 30, 31] (avg cost = 14.73)
Agente 25: [0, 1, 4, 6, 7, 9, 12, 14, 16, 18, 22, 24, 28, 30, 32, 35, 37, 39, 41, 44, 45, 48] (avg cost = 17.07)
Agente 26: [0, 2, 4, 7, 8, 10, 12, 14, 16, 19, 22, 24, 28, 30, 32, 33, 37, 39, 41, 44, 46, 47] (avg cost = 23.41)
Agente 27: [0, 2, 4, 7, 8, 10, 12, 14, 16, 19, 22, 25, 28, 31, 32, 35] (avg cost = 16.56)
Agente 28: [0, 2, 4, 7, 8, 10, 12, 14, 16, 19, 22, 23, 26, 31] (avg cost = 13.86)
Agente 29: [0, 2, 4, 7, 8, 10, 12, 14, 16, 19, 22, 25, 28, 31, 32, 35, 37, 39, 41, 44, 46] (avg cost = 22.48)
Agente 30: [0, 2, 4, 7, 8, 10, 12, 14, 16, 19, 22, 25, 28, 30, 32, 35, 37, 38, 41, 44, 46, 48] (avg cost = 19.19)
Agente 31: [0, 2, 4, 5, 7, 10, 12, 14, 16, 19, 22, 25, 27, 29, 32, 35, 37, 39, 42, 44, 45, 48] (avg cost = 17.72)
Agente 32: [0, 2, 4, 7, 8, 10, 13, 14, 16, 18, 22, 25, 28, 31, 32, 34, 37, 39, 42, 44, 46, 48] (avg cost = 17.33)
Agente 33: [0, 2, 3, 7, 8, 10, 13, 14, 16, 19, 22, 25, 27, 31, 32, 36, 37, 39, 42, 44, 46, 48] (avg cost = 17.37)
Agente 34: [0, 2, 4, 7, 8, 10, 13, 14, 16, 19, 20, 25, 28] (avg cost = 12.77)
Agente 35: [0, 2, 3, 7, 8, 10, 13, 14, 16, 19, 22, 25, 28, 31, 32, 33, 37, 39, 41, 44, 46] (avg cost = 22.38)
Agente 36: [0, 2, 4, 7, 8, 10, 13, 14, 16, 19, 22, 25, 28, 31, 32, 36, 37, 39, 42, 44, 47, 48, 49] (avg cost = 22.92)
Agente 37: [0, 2, 5, 7, 8, 10, 13, 14, 17, 19, 22, 25, 28, 31, 32, 36, 37] (avg cost = 18.00)
Agente 38: [0, 2, 5, 7, 8, 10, 13, 14, 17, 19, 22, 25, 28, 31, 32, 36, 37, 39, 42, 44, 47, 49] (avg cost = 19.52)
Agente 39: [0, 2, 5, 7, 8, 10, 13, 14, 16, 20, 22, 26, 28, 31, 32, 36, 37, 39, 42] (avg cost = 20.42)
Agente 40: [0, 2, 4, 7, 8, 10, 13, 14, 17, 20, 23, 26, 29, 31, 33, 36, 37, 40, 41, 44, 47, 48] (avg cost = 20.38)
Agente 41: [0, 3, 5, 7, 8, 10, 12, 14, 16, 20, 23, 26, 28, 29, 33, 36, 37, 39, 42, 45, 46, 49] (avg cost = 22.96)
Agente 42: [0, 3, 5, 7, 8, 10, 13, 14, 16, 19, 23, 26, 28, 31, 33, 36, 37, 40, 42, 45] (avg cost = 21.80)
Agente 43: [0, 3, 5, 7, 8, 10, 13, 14, 17, 18, 21, 26, 28, 30, 33] (avg cost = 15.53)
Agente 44: [0, 3, 5, 7, 8, 10, 13, 14, 17, 20] (avg cost = 9.70)
Agente 45: [0, 3, 5, 7, 8, 10, 13, 14, 15, 20, 22, 26, 29, 31, 33, 35, 37, 39, 42, 44, 47, 49] (avg cost = 20.35)
Agente 46: [0, 1, 5, 7, 8, 10, 13, 14, 17, 20, 23, 25, 29, 31, 33, 36, 37, 40, 42, 45, 47, 48] (avg cost = 19.67)
Agente 47: [0, 3, 5, 7, 8, 11, 14, 15, 17, 20, 23, 24, 29, 31, 33, 36, 37, 40, 43, 45, 46, 49] (avg cost = 20.62)
Agente 48: [0, 0, 0, 0, 0, 0, 0, 0, 0, 0, 0, 7, 7, 7, 7, 7, 7, 7, 7, 7, 7, 7] (avg cost = 3.50)
Agente 49: [0, 3, 5, 7, 8, 11, 13, 14, 17, 20, 23, 26, 29, 31, 33, 36, 37, 40] (avg cost = 19.61)

Agente peggiore dopo local search: 26 (costo medio = 23.41)

Coincidenza allocazione Greedy / Locale?  No