 Istanza: MMLE_4
- Agenti: 50
- Slot: 50

=== Soluzione Greedy ===
Agente 0: [0, 1, 2, 4, 7, 9, 12, 13, 16, 19, 23, 26, 27, 29, 31, 33, 35, 38, 40] (avg cost = 19.21)
Agente 1: [0, 1, 2, 4, 7, 10, 12, 13, 16, 20] (avg cost = 8.50)
Agente 2: [0, 1, 2, 4, 7, 10, 12, 13, 16, 19, 23, 26, 27, 30, 31, 33, 35, 37, 40, 41, 45, 46, 49] (avg cost = 21.04)
Agente 3: [0, 1, 2, 4, 7, 10, 13, 14, 16, 18, 23, 26, 27, 30, 31, 33, 35, 38, 41, 42, 45, 47, 48] (avg cost = 19.00)
Agente 4: [0, 1, 2, 4, 7, 10, 13, 14, 16, 20, 23, 26, 27, 30, 31] (avg cost = 14.93)
Agente 5: [0, 1, 2, 4, 7, 10, 12, 13, 16, 20, 23, 26, 27, 30, 31, 33] (avg cost = 15.94)
Agente 6: [0, 1, 2, 5, 7, 10, 13, 14, 16, 20, 23] (avg cost = 10.09)
Agente 7: [0, 1, 2, 5, 7, 10, 13, 14, 16, 19, 23] (avg cost = 10.00)
Agente 8: [0, 1, 2, 4, 6, 10, 13, 14, 16, 20, 23, 26, 27, 30, 31, 33, 35, 38, 40, 43, 45] (avg cost = 21.76)
Agente 9: [0, 1, 2, 4, 7, 9, 13, 14, 17, 20, 23, 26, 27, 30, 31, 33, 36] (avg cost = 17.24)
Agente 10: [0, 1, 2, 5, 7, 10, 13, 14, 17, 20, 23, 26, 27, 30, 31, 33, 36, 38, 41] (avg cost = 19.68)
Agente 11: [0, 1, 2, 5, 7, 9, 13, 14, 16, 20, 23, 26, 28, 30, 31, 33] (avg cost = 16.12)
Agente 12: [0, 1, 2, 5, 7, 10, 13, 14, 17, 20] (avg cost = 8.90)
Agente 13: [0, 1, 2, 5, 8, 10, 11, 13, 17, 20, 21, 26] (avg cost = 11.17)
Agente 14: [0, 1, 2, 5, 8, 10, 13, 14, 17, 20, 24, 26, 28, 30, 31, 33, 35, 38, 41, 43, 45, 47] (avg cost = 23.23)
Agente 15: [0, 1, 3, 5, 8, 10, 13, 14, 17, 21, 24, 26, 27, 30, 31, 33, 36, 38, 39] (avg cost = 19.79)
Agente 16: [0, 1, 3, 5, 8, 10, 13, 14, 17, 21, 24, 26, 27, 30, 31, 33, 36, 38, 41, 43, 45, 47, 49] (avg cost = 19.38)
Agente 17: [0, 1, 3, 5, 8, 9, 13, 14, 17, 20, 23, 24, 26, 29, 31, 33, 36, 37, 41] (avg cost = 19.47)
Agente 18: [0, 1, 3, 5, 8, 10, 13, 15, 17, 21, 23, 26, 28, 30, 31, 34, 36, 38, 41, 43, 46, 47, 49] (avg cost = 20.93)
Agente 19: [0, 1, 3, 5, 8, 10, 13, 14, 17, 20, 24, 26, 27, 30, 31] (avg cost = 15.27)
Agente 20: [0, 1, 3, 4, 8, 11, 13, 15, 17, 21, 24, 26, 28, 31, 32, 34, 36, 39, 41, 43, 45, 47, 49] (avg cost = 21.85)
Agente 21: [0, 1, 3, 5, 8, 11, 13, 14, 17, 21, 24, 26, 27, 31, 32, 34, 36, 39, 42, 43, 46, 48, 49] (avg cost = 23.75)
Agente 22: [0, 1, 3, 5, 8, 11, 13, 14, 18, 21, 24, 26, 28, 31, 32, 34, 36, 39, 40, 43, 46, 47, 49] (avg cost = 19.62)
Agente 23: [0, 1, 3, 5, 8, 11, 13, 15, 18, 21, 24, 26, 28, 29, 31, 33, 36, 39, 41, 44, 46, 48, 49] (avg cost = 22.76)
Agente 24: [0, 1, 3, 5, 8, 11, 13, 15, 18, 21, 24, 26, 28, 31, 32] (avg cost = 15.73)
Agente 25: [0, 1, 2, 6, 8, 11, 13, 15, 18, 21, 24, 26, 28, 31, 32, 34, 37, 39, 42, 44, 46, 48] (avg cost = 23.91)
Agente 26: [0, 1, 3, 6, 8, 11, 13, 15, 18, 21, 24, 26, 28, 31, 32, 34, 36, 38, 42] (avg cost = 20.37)
Agente 27: [0, 1, 3, 6, 8, 11, 12, 13, 18, 21, 25, 26, 28, 31, 32, 34, 37, 39, 41, 44, 45, 48] (avg cost = 20.92)
Agente 28: [0, 1, 3, 5, 8, 11, 13, 15, 18, 21, 25, 26, 28, 31, 32, 34, 37, 39, 42, 44, 46, 48] (avg cost = 20.27)
Agente 29: [0, 1, 3, 6, 9, 11, 13, 15, 18, 21, 25] (avg cost = 11.09)
Agente 30: [0, 1, 3, 6, 8, 11, 13, 14, 18, 21, 25, 26, 27, 31, 32, 34, 37, 39, 42, 44, 46, 48] (avg cost = 18.14)
Agente 31: [0, 1, 3, 6, 9, 11, 13, 15, 18, 22, 25, 26, 28, 31, 32] (avg cost = 16.00)
Agente 32: [0, 1, 3, 6, 9, 11, 13, 15, 19, 22, 25, 26, 28, 31, 32, 34, 37, 39, 42, 44, 45] (avg cost = 22.95)
Agente 33: [0, 1, 3, 6, 8, 11, 13, 15, 18, 22, 25] (avg cost = 11.09)
Agente 34: [0, 1, 3, 6, 9, 11, 13, 15, 19, 21, 22, 26, 29, 31, 32, 34, 35] (avg cost = 18.06)
Agente 35: [0, 1, 3, 6, 9, 11, 13, 15, 19, 22, 23, 24, 26, 31, 32, 34, 37, 39, 42, 44, 46, 48] (avg cost = 20.19)
Agente 36: [0, 1, 4, 6, 9, 11, 13, 16, 17, 22, 25, 26, 29, 31, 33, 35, 37, 40, 42, 43, 46, 49] (avg cost = 18.45)
Agente 37: [0, 1, 4, 6, 9, 12, 13, 15, 19, 22, 25, 26, 29, 31, 32, 35, 37, 39] (avg cost = 19.72)
Agente 38: [0, 1, 4, 6, 7, 12, 13, 15, 19, 22, 25, 26, 29, 31, 33, 34, 36, 39, 42] (avg cost = 20.74)
Agente 39: [0, 1, 4, 6, 9, 12, 13, 15, 19, 21] (avg cost = 10.00)
Agente 40: [1, 2, 4, 6, 9, 12, 13, 16, 19, 22, 25, 26, 28, 31, 33, 34, 37, 40, 42, 44, 47, 48] (avg cost = 19.96)
Agente 41: [0, 1, 4, 6, 9, 12, 13, 15, 19, 22, 25, 26, 29] (avg cost = 13.92)
Agente 42: [1, 2, 3, 6, 8, 12, 13, 16, 19, 20, 25, 26, 29, 31, 32, 35, 37, 40, 42, 44, 46, 48] (avg cost = 21.40)
Agente 43: [1, 2, 3, 7, 9, 12, 13, 16, 19, 22, 26, 27, 29, 31, 33, 35, 36] (avg cost = 18.88)
Agente 44: [0, 1, 4, 7, 9, 12, 13, 16, 19, 22, 26, 27, 29, 31, 33, 35, 37, 40, 43, 44, 46, 49] (avg cost = 21.72)
Agente 45: [1, 2, 4, 7, 9, 11, 13, 15, 19, 23, 26, 27, 29, 31, 33] (avg cost = 16.67)
Agente 46: [1, 2, 4, 7, 9, 12, 13, 16, 19, 21, 26, 27, 29, 31, 33, 35, 37, 40, 43, 45, 46, 49] (avg cost = 18.79)
Agente 47: [0, 1, 4, 7, 9, 12, 13, 16, 17, 23, 26, 27, 29, 31, 33, 34, 38, 40, 43, 45, 47, 48] (avg cost = 19.39)
Agente 48: [1, 2, 3, 7, 9, 12, 13, 16, 19, 22, 26, 27, 29, 31, 33, 35, 38, 40, 43, 45, 46] (avg cost = 23.67)
Agente 49: [0, 1, 4, 6, 10, 12, 13, 16, 20, 22, 26, 27, 30, 31, 33, 35, 38] (avg cost = 19.06)

Agente peggiore: 25 (costo medio = 23.91)

=== Dopo Ricerca Locale ===
Agente 0: [0, 1, 2, 4, 7, 9, 12, 13, 16, 19, 23, 26, 27, 29, 31, 33, 35, 38, 40] (avg cost = 19.21)
Agente 1: [0, 1, 2, 4, 7, 10, 12, 13, 16, 20] (avg cost = 8.50)
Agente 2: [0, 1, 2, 4, 7, 10, 12, 13, 16, 19, 23, 26, 27, 30, 31, 33, 35, 37, 40, 41, 45, 46, 49] (avg cost = 21.04)
Agente 3: [0, 1, 2, 4, 7, 10, 13, 14, 16, 18, 23, 26, 27, 30, 31, 33, 35, 38, 41, 42, 45, 47, 48] (avg cost = 19.00)
Agente 4: [0, 1, 2, 4, 7, 10, 13, 14, 16, 20, 23, 26, 27, 30, 31] (avg cost = 14.93)
Agente 5: [0, 1, 2, 4, 7, 10, 12, 13, 16, 20, 23, 26, 27, 30, 31, 33] (avg cost = 15.94)
Agente 6: [0, 1, 2, 5, 7, 10, 13, 14, 16, 20, 23] (avg cost = 10.09)
Agente 7: [0, 1, 2, 5, 7, 10, 13, 14, 16, 19, 23] (avg cost = 10.00)
Agente 8: [0, 1, 2, 4, 6, 10, 13, 14, 16, 20, 23, 26, 27, 30, 31, 33, 35, 38, 40, 43, 45] (avg cost = 21.76)
Agente 9: [0, 1, 2, 4, 7, 9, 13, 14, 17, 20, 23, 26, 27, 30, 31, 33, 36] (avg cost = 17.24)
Agente 10: [0, 1, 2, 5, 7, 10, 13, 14, 17, 20, 23, 26, 27, 30, 31, 33, 36, 38, 41] (avg cost = 19.68)
Agente 11: [0, 1, 2, 5, 7, 9, 13, 14, 16, 20, 23, 26, 28, 30, 31, 33] (avg cost = 16.12)
Agente 12: [0, 1, 2, 5, 7, 10, 13, 14, 17, 20] (avg cost = 8.90)
Agente 13: [0, 1, 2, 5, 8, 10, 11, 13, 17, 20, 21, 26] (avg cost = 11.17)
Agente 14: [0, 1, 2, 5, 8, 10, 13, 14, 17, 20, 24, 26, 28, 30, 31, 33, 35, 38, 41, 43, 45, 47] (avg cost = 23.23)
Agente 15: [0, 1, 3, 5, 8, 10, 13, 14, 17, 21, 24, 26, 27, 30, 31, 33, 36, 38, 39] (avg cost = 19.79)
Agente 16: [0, 1, 3, 5, 8, 10, 13, 14, 17, 21, 24, 26, 27, 30, 31, 33, 36, 38, 41, 43, 45, 47, 49] (avg cost = 19.38)
Agente 17: [0, 1, 3, 5, 8, 9, 13, 14, 17, 20, 23, 24, 26, 29, 31, 33, 36, 37, 41] (avg cost = 19.47)
Agente 18: [0, 1, 3, 5, 8, 10, 13, 15, 17, 21, 23, 26, 28, 30, 31, 34, 36, 38, 41, 43, 46, 47, 49] (avg cost = 20.93)
Agente 19: [0, 1, 3, 5, 8, 10, 13, 14, 17, 20, 24, 26, 27, 30, 31] (avg cost = 15.27)
Agente 20: [0, 1, 3, 4, 8, 11, 13, 15, 17, 21, 24, 26, 28, 31, 32, 34, 36, 39, 41, 43, 45, 47, 49] (avg cost = 21.85)
Agente 21: [0, 1, 3, 5, 8, 11, 13, 14, 17, 21, 24, 26, 27, 31, 32, 34, 36, 39, 42, 43, 46, 48, 49] (avg cost = 23.75)
Agente 22: [0, 1, 3, 5, 8, 11, 13, 14, 18, 21, 24, 26, 28, 31, 32, 34, 36, 39, 40, 43, 46, 47, 49] (avg cost = 19.62)
Agente 23: [0, 1, 3, 5, 8, 11, 13, 15, 18, 21, 24, 26, 28, 29, 31, 33, 36, 39, 41, 44, 46, 48, 49] (avg cost = 22.76)
Agente 24: [0, 1, 3, 5, 8, 11, 13, 15, 18, 21, 24, 26, 28, 31, 32] (avg cost = 15.73)
Agente 25: [0, 1, 1, 1, 1, 1, 1, 1, 1, 1, 1, 1, 1, 1, 1, 1, 1, 1, 1, 1, 1, 1] (avg cost = 0.95)
Agente 26: [0, 1, 3, 6, 8, 11, 13, 15, 18, 21, 24, 26, 28, 31, 32, 34, 36, 38, 42] (avg cost = 20.37)
Agente 27: [0, 1, 3, 6, 8, 11, 12, 13, 18, 21, 25, 26, 28, 31, 32, 34, 37, 39, 41, 44, 45, 48] (avg cost = 20.92)
Agente 28: [0, 1, 3, 5, 8, 11, 13, 15, 18, 21, 25, 26, 28, 31, 32, 34, 37, 39, 42, 44, 46, 48] (avg cost = 20.27)
Agente 29: [0, 1, 3, 6, 9, 11, 13, 15, 18, 21, 25] (avg cost = 11.09)
Agente 30: [0, 1, 3, 6, 8, 11, 13, 14, 18, 21, 25, 26, 27, 31, 32, 34, 37, 39, 42, 44, 46, 48] (avg cost = 18.14)
Agente 31: [0, 1, 3, 6, 9, 11, 13, 15, 18, 22, 25, 26, 28, 31, 32] (avg cost = 16.00)
Agente 32: [0, 1, 3, 6, 9, 11, 13, 15, 19, 22, 25, 26, 28, 31, 32, 34, 37, 39, 42, 44, 45] (avg cost = 22.95)
Agente 33: [0, 1, 3, 6, 8, 11, 13, 15, 18, 22, 25] (avg cost = 11.09)
Agente 34: [0, 1, 3, 6, 9, 11, 13, 15, 19, 21, 22, 26, 29, 31, 32, 34, 35] (avg cost = 18.06)
Agente 35: [0, 1, 3, 6, 9, 11, 13, 15, 19, 22, 23, 24, 26, 31, 32, 34, 37, 39, 42, 44, 46, 48] (avg cost = 20.19)
Agente 36: [0, 1, 4, 6, 9, 11, 13, 16, 17, 22, 25, 26, 29, 31, 33, 35, 37, 40, 42, 43, 46, 49] (avg cost = 18.45)
Agente 37: [0, 1, 4, 6, 9, 12, 13, 15, 19, 22, 25, 26, 29, 31, 32, 35, 37, 39] (avg cost = 19.72)
Agente 38: [0, 1, 4, 6, 7, 12, 13, 15, 19, 22, 25, 26, 29, 31, 33, 34, 36, 39, 42] (avg cost = 20.74)
Agente 39: [0, 1, 4, 6, 9, 12, 13, 15, 19, 21] (avg cost = 10.00)
Agente 40: [1, 2, 4, 6, 9, 12, 13, 16, 19, 22, 25, 26, 28, 31, 33, 34, 37, 40, 42, 44, 47, 48] (avg cost = 19.96)
Agente 41: [0, 1, 4, 6, 9, 12, 13, 15, 19, 22, 25, 26, 29] (avg cost = 13.92)
Agente 42: [1, 2, 3, 6, 8, 12, 13, 16, 19, 20, 25, 26, 29, 31, 32, 35, 37, 40, 42, 44, 46, 48] (avg cost = 21.40)
Agente 43: [1, 2, 3, 7, 9, 12, 13, 16, 19, 22, 26, 27, 29, 31, 33, 35, 36] (avg cost = 18.88)
Agente 44: [0, 1, 4, 7, 9, 12, 13, 16, 19, 22, 26, 27, 29, 31, 33, 35, 37, 40, 43, 44, 46, 49] (avg cost = 21.72)
Agente 45: [1, 2, 4, 7, 9, 11, 13, 15, 19, 23, 26, 27, 29, 31, 33] (avg cost = 16.67)
Agente 46: [1, 2, 4, 7, 9, 12, 13, 16, 19, 21, 26, 27, 29, 31, 33, 35, 37, 40, 43, 45, 46, 49] (avg cost = 18.79)
Agente 47: [0, 1, 4, 7, 9, 12, 13, 16, 17, 23, 26, 27, 29, 31, 33, 34, 38, 40, 43, 45, 47, 48] (avg cost = 19.39)
Agente 48: [1, 2, 3, 7, 9, 12, 13, 16, 19, 22, 26, 27, 29, 31, 33, 35, 38, 40, 43, 45, 46] (avg cost = 23.67)
Agente 49: [0, 1, 4, 6, 10, 12, 13, 16, 20, 22, 26, 27, 30, 31, 33, 35, 38] (avg cost = 19.06)

Agente peggiore dopo local search: 21 (costo medio = 23.75)

Coincidenza allocazione Greedy / Locale?  No