 Istanza: MMLE_8
- Agenti: 50
- Slot: 50

=== Soluzione Greedy ===
Agente 0: [0, 1, 3, 6, 9, 10, 12, 15, 18, 21, 24, 25, 28, 31, 34, 37, 39, 42, 43, 46, 48] (avg cost = 17.57)
Agente 1: [0, 1, 3, 6, 8, 10, 12, 14, 18, 21, 24, 25, 29, 31, 34, 37, 40, 42, 43, 46] (avg cost = 22.20)
Agente 2: [0, 1, 3, 6, 9, 10, 12, 16, 18, 21, 25, 26, 29, 32, 35, 37, 40, 43, 44, 46, 47] (avg cost = 23.81)
Agente 3: [0, 1, 4, 6, 8, 10, 12, 16, 18, 21, 25, 26] (avg cost = 12.25)
Agente 4: [0, 1, 3, 6, 8, 10, 12, 16, 19, 21, 25, 26, 29, 32, 35, 37, 40, 43, 44, 46, 48] (avg cost = 17.89)
Agente 5: [0, 1, 3, 6, 9, 10, 12, 16, 18, 21, 24, 25, 29, 31, 35, 37, 40, 43] (avg cost = 20.00)
Agente 6: [0, 1, 4, 7, 9, 10, 13, 15, 19, 21, 25, 26, 29, 31, 32, 36, 38, 43, 44, 46] (avg cost = 22.45)
Agente 7: [0, 1, 4, 7, 9, 10, 12, 16, 17, 21, 25, 26, 29, 30, 34, 37, 40, 43, 44, 46] (avg cost = 22.55)
Agente 8: [0, 1, 4, 7, 9, 10, 12, 13, 17, 21, 25, 26, 29, 31, 35, 37, 40, 43, 44, 45, 47] (avg cost = 17.10)
Agente 9: [0, 1, 4, 7, 9, 10, 13, 16, 18, 22, 25, 26, 29, 32, 35, 37, 40, 43, 44, 47, 48] (avg cost = 20.24)
Agente 10: [0, 1, 4, 7, 9, 10, 13, 16, 19, 22, 25, 26, 27, 32, 35, 37, 40, 43, 44, 46, 48] (avg cost = 18.00)
Agente 11: [0, 1, 4, 7, 9, 10, 12, 16, 19, 21, 25, 26, 29, 30, 35, 37, 40, 43, 44] (avg cost = 21.47)
Agente 12: [0, 1, 4, 7, 9, 10, 13, 16, 19, 21, 25, 26, 30, 32, 35, 37, 40, 43, 44, 46, 49] (avg cost = 22.04)
Agente 13: [0, 1, 2, 7, 9, 10, 13, 16, 19, 22, 25, 26] (avg cost = 12.50)
Agente 14: [0, 1, 4, 7, 9, 10, 13, 16, 19, 22] (avg cost = 10.10)
Agente 15: [0, 1, 4, 7, 9, 10, 13, 16, 19, 22, 25, 26, 29, 32, 35, 38] (avg cost = 17.88)
Agente 16: [0, 1, 4, 5, 9, 10, 13, 16, 19, 22, 25, 26, 28, 32, 35, 38, 40, 43, 44, 45, 48] (avg cost = 23.95)
Agente 17: [0, 1, 4, 5, 10, 11, 13, 16, 19, 22, 25, 27, 30, 32, 35, 38] (avg cost = 18.00)
Agente 18: [0, 1, 4, 7, 10, 11, 13, 16, 19, 22, 25, 27, 30, 31, 35, 38, 41, 43, 44, 46, 49] (avg cost = 18.96)
Agente 19: [0, 2, 4, 7, 10, 11, 13, 16, 19, 22, 24, 25, 26, 32, 35, 37, 41, 43, 45, 47, 49] (avg cost = 24.19)
Agente 20: [0, 2, 4, 7, 10, 11, 14, 17, 19, 22, 23] (avg cost = 11.73)
Agente 21: [0, 1, 4, 7, 9, 10, 13, 17, 19, 22, 25, 27] (avg cost = 12.83)
Agente 22: [0, 2, 4, 7, 8, 10, 14, 17, 19, 22, 25, 27, 30, 32] (avg cost = 15.50)
Agente 23: [0, 2, 4, 7, 10, 11, 14, 17, 19, 23, 25, 27, 30, 33, 35, 37, 40, 43] (avg cost = 20.94)
Agente 24: [0, 2, 5, 7, 10, 11, 14, 17, 20, 22, 25] (avg cost = 12.09)
Agente 25: [0, 2, 5, 6, 10, 11, 14, 17, 20, 22, 25, 27, 29, 33, 35, 38, 41, 43, 44, 45, 49] (avg cost = 24.57)
Agente 26: [0, 2, 5, 6, 10, 11, 14, 17, 20, 23, 25, 27, 30, 32, 35, 38, 41, 43, 45, 47, 48] (avg cost = 22.57)
Agente 27: [0, 1, 5, 8, 10, 11, 14, 17, 20, 23, 25, 27, 30, 33, 35, 36, 41, 43, 45, 47, 49] (avg cost = 21.67)
Agente 28: [0, 2, 5, 7, 10, 11, 14, 17, 20, 23, 25, 27] (avg cost = 13.42)
Agente 29: [0, 2, 5, 8, 10, 11, 14, 17, 20, 23, 25, 27, 30, 32, 35, 38, 41, 43] (avg cost = 21.17)
Agente 30: [0, 2, 5, 8, 10, 11, 14, 15, 20, 23, 25, 27, 30] (avg cost = 14.62)
Agente 31: [0, 2, 5, 8, 10, 11, 14, 17, 19, 23, 25, 27, 30, 33, 35, 38, 41] (avg cost = 19.88)
Agente 32: [0, 2, 5, 8, 10, 11, 14, 17, 19, 23, 25, 28, 30] (avg cost = 14.77)
Agente 33: [0, 2, 5, 8, 10, 11, 14, 17, 20, 23] (avg cost = 11.00)
Agente 34: [0, 2, 5, 8, 10, 11, 14, 16, 19, 23, 25, 28, 30, 33, 35, 38, 41, 43, 45, 47, 48] (avg cost = 18.61)
Agente 35: [0, 2, 5, 8, 10, 11, 14, 17, 20, 23, 24, 25, 28, 33, 35, 39, 41, 43] (avg cost = 21.00)
Agente 36: [0, 3, 5, 7, 10, 11, 15, 17, 20, 24, 25, 28, 31, 33, 36, 39] (avg cost = 19.00)
Agente 37: [0, 3, 5, 8, 10, 11, 14, 17, 20, 24, 25, 28, 31, 33, 36, 39, 41, 42, 43, 44, 49] (avg cost = 18.03)
Agente 38: [0, 3, 6, 8, 10, 11, 15, 17, 20, 24, 25, 28, 31, 33, 35, 39, 42, 43, 45, 47, 49] (avg cost = 19.67)
Agente 39: [0, 3, 6, 8, 10, 11, 14, 18, 20, 22, 25, 28, 31, 33, 36, 37, 42, 43, 45, 46, 47] (avg cost = 20.19)
Agente 40: [0, 2, 6, 8, 10, 11, 15, 18, 20, 24, 25, 28, 29, 34, 36, 39, 41, 43, 45, 47] (avg cost = 16.59)
Agente 41: [0, 3, 6, 8, 10, 12, 15, 18, 20, 24, 25, 28, 31, 34, 36, 39, 42] (avg cost = 20.65)
Agente 42: [0, 2, 6, 8, 10, 11, 15, 18, 20, 21, 25, 28, 31] (avg cost = 15.00)
Agente 43: [0, 3, 6, 8, 10, 12, 15, 16, 20, 24, 25, 28, 31, 34, 36, 39, 42, 43, 45, 47, 48] (avg cost = 22.17)
Agente 44: [0, 3, 6, 8, 10, 12, 15, 18, 21, 24, 25, 28, 31, 34, 36, 39, 42, 43, 45, 47, 49] (avg cost = 19.85)
Agente 45: [0, 3, 6, 8, 10, 12, 14, 18, 21, 22, 25] (avg cost = 12.64)
Agente 46: [0, 3, 4, 9, 10, 12, 15, 18, 21, 24, 25, 28, 31, 34, 36, 38, 42, 43, 46] (avg cost = 23.11)
Agente 47: [0, 3, 6, 9, 10, 12, 15, 18, 20, 24, 25, 28, 31, 33, 36, 37, 38, 43, 45, 48] (avg cost = 24.05)
Agente 48: [0, 3, 5, 9, 10, 12, 15, 18, 21, 24, 25, 29, 31, 34, 36, 39, 42, 43, 45, 48, 49] (avg cost = 17.93)
Agente 49: [0, 3, 4, 9, 10, 12, 15, 18, 21, 23] (avg cost = 11.50)

Agente peggiore: 25 (costo medio = 24.57)

=== Dopo Ricerca Locale ===
Agente 0: [0, 1, 3, 6, 9, 10, 12, 15, 18, 21, 24, 25, 28, 31, 34, 37, 39, 42, 43, 46, 48] (avg cost = 17.57)
Agente 1: [0, 1, 3, 6, 8, 10, 12, 14, 18, 21, 24, 25, 29, 31, 34, 37, 40, 42, 43, 46] (avg cost = 22.20)
Agente 2: [0, 1, 3, 6, 9, 10, 12, 16, 18, 21, 25, 26, 29, 32, 35, 37, 40, 43, 44, 46, 47] (avg cost = 23.81)
Agente 3: [0, 1, 4, 6, 8, 10, 12, 16, 18, 21, 25, 26] (avg cost = 12.25)
Agente 4: [0, 1, 3, 6, 8, 10, 12, 16, 19, 21, 25, 26, 29, 32, 35, 37, 40, 43, 44, 46, 48] (avg cost = 17.89)
Agente 5: [0, 1, 3, 6, 9, 10, 12, 16, 18, 21, 24, 25, 29, 31, 35, 37, 40, 43] (avg cost = 20.00)
Agente 6: [0, 1, 4, 7, 9, 10, 13, 15, 19, 21, 25, 26, 29, 31, 32, 36, 38, 43, 44, 46] (avg cost = 22.45)
Agente 7: [0, 1, 4, 7, 9, 10, 12, 16, 17, 21, 25, 26, 29, 30, 34, 37, 40, 43, 44, 46] (avg cost = 22.55)
Agente 8: [0, 1, 4, 7, 9, 10, 12, 13, 17, 21, 25, 26, 29, 31, 35, 37, 40, 43, 44, 45, 47] (avg cost = 17.10)
Agente 9: [0, 1, 4, 7, 9, 10, 13, 16, 18, 22, 25, 26, 29, 32, 35, 37, 40, 43, 44, 47, 48] (avg cost = 20.24)
Agente 10: [0, 1, 4, 7, 9, 10, 13, 16, 19, 22, 25, 26, 27, 32, 35, 37, 40, 43, 44, 46, 48] (avg cost = 18.00)
Agente 11: [0, 1, 4, 7, 9, 10, 12, 16, 19, 21, 25, 26, 29, 30, 35, 37, 40, 43, 44] (avg cost = 21.47)
Agente 12: [0, 1, 4, 7, 9, 10, 13, 16, 19, 21, 25, 26, 30, 32, 35, 37, 40, 43, 44, 46, 49] (avg cost = 22.04)
Agente 13: [0, 1, 2, 7, 9, 10, 13, 16, 19, 22, 25, 26] (avg cost = 12.50)
Agente 14: [0, 1, 4, 7, 9, 10, 13, 16, 19, 22] (avg cost = 10.10)
Agente 15: [0, 1, 4, 7, 9, 10, 13, 16, 19, 22, 25, 26, 29, 32, 35, 38] (avg cost = 17.88)
Agente 16: [0, 1, 4, 5, 9, 10, 13, 16, 19, 22, 25, 26, 28, 32, 35, 38, 40, 43, 44, 45, 48] (avg cost = 23.95)
Agente 17: [0, 1, 4, 5, 10, 11, 13, 16, 19, 22, 25, 27, 30, 32, 35, 38] (avg cost = 18.00)
Agente 18: [0, 1, 4, 7, 10, 11, 13, 16, 19, 22, 25, 27, 30, 31, 35, 38, 41, 43, 44, 46, 49] (avg cost = 18.96)
Agente 19: [0, 2, 4, 7, 10, 11, 13, 16, 19, 22, 24, 25, 26, 32, 35, 37, 41, 43, 45, 47, 49] (avg cost = 24.19)
Agente 20: [0, 2, 4, 7, 10, 11, 14, 17, 19, 22, 23] (avg cost = 11.73)
Agente 21: [0, 1, 4, 7, 9, 10, 13, 17, 19, 22, 25, 27] (avg cost = 12.83)
Agente 22: [0, 2, 4, 7, 8, 10, 14, 17, 19, 22, 25, 27, 30, 32] (avg cost = 15.50)
Agente 23: [0, 2, 4, 7, 10, 11, 14, 17, 19, 23, 25, 27, 30, 33, 35, 37, 40, 43] (avg cost = 20.94)
Agente 24: [0, 2, 5, 7, 10, 11, 14, 17, 20, 22, 25] (avg cost = 12.09)
Agente 25: [0, 0, 0, 0, 0, 0, 0, 0, 0, 0, 2, 5, 10, 10, 11, 14, 25, 25, 25, 25, 25] (avg cost = 8.43)
Agente 26: [0, 2, 5, 6, 10, 11, 14, 17, 20, 23, 25, 27, 30, 32, 35, 38, 41, 43, 45, 47, 48] (avg cost = 22.57)
Agente 27: [0, 1, 5, 8, 10, 11, 14, 17, 20, 23, 25, 27, 30, 33, 35, 36, 41, 43, 45, 47, 49] (avg cost = 21.67)
Agente 28: [0, 2, 5, 7, 10, 11, 14, 17, 20, 23, 25, 27] (avg cost = 13.42)
Agente 29: [0, 2, 5, 8, 10, 11, 14, 17, 20, 23, 25, 27, 30, 32, 35, 38, 41, 43] (avg cost = 21.17)
Agente 30: [0, 2, 5, 8, 10, 11, 14, 15, 20, 23, 25, 27, 30] (avg cost = 14.62)
Agente 31: [0, 2, 5, 8, 10, 11, 14, 17, 19, 23, 25, 27, 30, 33, 35, 38, 41] (avg cost = 19.88)
Agente 32: [0, 2, 5, 8, 10, 11, 14, 17, 19, 23, 25, 28, 30] (avg cost = 14.77)
Agente 33: [0, 2, 5, 8, 10, 11, 14, 17, 20, 23] (avg cost = 11.00)
Agente 34: [0, 2, 5, 8, 10, 11, 14, 16, 19, 23, 25, 28, 30, 33, 35, 38, 41, 43, 45, 47, 48] (avg cost = 18.61)
Agente 35: [0, 2, 5, 8, 10, 11, 14, 17, 20, 23, 24, 25, 28, 33, 35, 39, 41, 43] (avg cost = 21.00)
Agente 36: [0, 3, 5, 7, 10, 11, 15, 17, 20, 24, 25, 28, 31, 33, 36, 39] (avg cost = 19.00)
Agente 37: [0, 3, 5, 8, 10, 11, 14, 17, 20, 24, 25, 28, 31, 33, 36, 39, 41, 42, 43, 44, 49] (avg cost = 18.03)
Agente 38: [0, 3, 6, 8, 10, 11, 15, 17, 20, 24, 25, 28, 31, 33, 35, 39, 42, 43, 45, 47, 49] (avg cost = 19.67)
Agente 39: [0, 3, 6, 8, 10, 11, 14, 18, 20, 22, 25, 28, 31, 33, 36, 37, 42, 43, 45, 46, 47] (avg cost = 20.19)
Agente 40: [0, 2, 6, 8, 10, 11, 15, 18, 20, 24, 25, 28, 29, 34, 36, 39, 41, 43, 45, 47] (avg cost = 16.59)
Agente 41: [0, 3, 6, 8, 10, 12, 15, 18, 20, 24, 25, 28, 31, 34, 36, 39, 42] (avg cost = 20.65)
Agente 42: [0, 2, 6, 8, 10, 11, 15, 18, 20, 21, 25, 28, 31] (avg cost = 15.00)
Agente 43: [0, 3, 6, 8, 10, 12, 15, 16, 20, 24, 25, 28, 31, 34, 36, 39, 42, 43, 45, 47, 48] (avg cost = 22.17)
Agente 44: [0, 3, 6, 8, 10, 12, 15, 18, 21, 24, 25, 28, 31, 34, 36, 39, 42, 43, 45, 47, 49] (avg cost = 19.85)
Agente 45: [0, 3, 6, 8, 10, 12, 14, 18, 21, 22, 25] (avg cost = 12.64)
Agente 46: [0, 3, 4, 9, 10, 12, 15, 18, 21, 24, 25, 28, 31, 34, 36, 38, 42, 43, 46] (avg cost = 23.11)
Agente 47: [0, 3, 6, 9, 10, 12, 15, 18, 20, 24, 25, 28, 31, 33, 36, 37, 38, 43, 45, 48] (avg cost = 24.05)
Agente 48: [0, 3, 5, 9, 10, 12, 15, 18, 21, 24, 25, 29, 31, 34, 36, 39, 42, 43, 45, 48, 49] (avg cost = 17.93)
Agente 49: [0, 3, 4, 9, 10, 12, 15, 18, 21, 23] (avg cost = 11.50)

Agente peggiore dopo local search: 19 (costo medio = 24.19)

Coincidenza allocazione Greedy / Locale?  No