 Istanza: MMLE_1
- Agenti: 50
- Slot: 50

=== Soluzione Greedy ===
Agente 0: [0, 1, 3, 5, 6, 9, 12, 15, 18, 21, 23, 24, 28, 31, 34, 37, 40, 41, 43, 45, 46, 48] (avg cost = 18.28)
Agente 1: [0, 1, 3, 6, 8, 9, 12, 15, 18, 21, 23, 27, 29, 31, 34, 37, 40, 41, 43, 45, 46, 48] (avg cost = 19.89)
Agente 2: [0, 1, 3, 5, 8, 9, 11, 15, 18, 21, 23, 27, 29, 31, 34, 37, 40, 41, 42, 45, 46, 49] (avg cost = 23.26)
Agente 3: [0, 1, 2, 3, 8, 9, 12, 15, 18, 21, 23, 26, 29, 32, 35, 37] (avg cost = 16.94)
Agente 4: [0, 1, 3, 5, 6, 9, 12, 15, 18, 21, 23, 27, 28, 32, 34] (avg cost = 15.60)
Agente 5: [0, 1, 3, 6, 9, 10, 12, 16, 18, 21, 22, 27, 29, 32, 35, 37, 40, 41, 43] (avg cost = 21.16)
Agente 6: [0, 1, 3, 6, 9, 10, 12, 16, 18, 21, 23, 27, 28, 31, 35, 36, 40, 41, 43, 45, 46, 49] (avg cost = 20.77)
Agente 7: [0, 1, 3, 6, 9, 10, 12, 15, 19, 21, 23, 27, 28, 32, 33, 35, 40, 41, 43, 45, 46, 48] (avg cost = 19.18)
Agente 8: [0, 1, 2, 6, 9, 10, 13, 16, 19, 21, 24, 27] (avg cost = 12.33)
Agente 9: [0, 1, 3, 6, 9, 10, 13, 15, 18, 20, 23, 26, 29, 32] (avg cost = 14.64)
Agente 10: [0, 1, 3, 6, 9, 10, 12, 13, 19, 22, 24, 27, 29, 32, 35, 37, 40, 41, 43, 45, 47, 49] (avg cost = 23.65)
Agente 11: [0, 1, 3, 6, 8, 9, 12, 14, 18, 22, 23, 27, 29, 32, 35, 38, 40, 41, 43, 45, 47, 49] (avg cost = 22.58)
Agente 12: [0, 1, 3, 6, 9, 10, 13, 16, 19, 22, 24, 27, 29, 32, 35, 38, 40, 41, 43, 45, 46] (avg cost = 23.76)
Agente 13: [0, 1, 3, 6, 9, 10, 13, 16, 19, 22, 24, 27, 29, 32, 35] (avg cost = 16.40)
Agente 14: [0, 1, 2, 6, 9, 10, 13, 16, 19, 21, 24, 27, 29, 32, 35, 38, 39, 40, 41, 45, 46, 49] (avg cost = 22.58)
Agente 15: [0, 1, 4, 6, 9, 10, 13, 16, 19, 21, 24, 27, 29, 32] (avg cost = 15.07)
Agente 16: [0, 1, 4, 6, 9, 10, 13, 15, 19, 22, 24, 27, 29, 30, 33, 38, 40, 41, 42, 45, 46, 49] (avg cost = 21.72)
Agente 17: [0, 1, 3, 6, 9, 10, 13, 16, 18, 22, 24, 27] (avg cost = 12.42)
Agente 18: [0, 1, 4, 6, 9, 10, 13, 16, 19, 22, 24, 27, 29, 32, 35, 38, 40, 41, 44, 45, 47] (avg cost = 23.90)
Agente 19: [0, 1, 4, 6, 9, 10, 13, 16, 19, 22, 24, 27, 29, 32, 35, 38, 40, 41, 43, 45, 47, 49] (avg cost = 23.91)
Agente 20: [0, 1, 4, 6, 9, 10, 13, 16, 19, 22, 24, 27, 30, 32, 35, 38, 39, 40, 44, 45, 47, 49] (avg cost = 25.00)
Agente 21: [0, 2, 4, 7, 9, 10, 13, 16, 19, 22] (avg cost = 10.20)
Agente 22: [0, 1, 4, 6, 9, 10, 13, 16, 19, 22, 24, 27, 29, 31, 35, 38, 40] (avg cost = 19.06)
Agente 23: [0, 2, 4, 6, 9, 11, 13, 17, 19, 21, 25, 27, 29, 33, 34, 38, 40, 41, 44] (avg cost = 21.74)
Agente 24: [0, 2, 4, 7, 9, 10, 14, 17, 19, 22, 24, 27, 29] (avg cost = 14.15)
Agente 25: [0, 2, 4, 7, 9, 10, 13, 17, 19, 22, 25, 27, 30, 33, 35, 38, 40, 41, 43, 45, 47] (avg cost = 21.12)
Agente 26: [0, 2, 4, 7, 9, 11, 14, 17, 19, 22, 25, 27, 30] (avg cost = 14.38)
Agente 27: [0, 2, 4, 7, 9, 10, 14, 17, 19, 22, 25, 27, 30, 33, 36, 38, 40, 41, 44, 45, 47, 49] (avg cost = 20.70)
Agente 28: [0, 1, 4, 7, 9, 11, 14, 17, 20, 22, 25, 27, 30, 33, 35, 38, 40, 41, 44, 45, 48] (avg cost = 22.22)
Agente 29: [0, 2, 4, 6, 9, 11, 12, 17, 20, 22, 25] (avg cost = 11.64)
Agente 30: [0, 2, 4, 7, 9, 11, 14, 17, 20, 22, 25, 27, 30, 33, 36, 38, 40, 41, 44, 45, 48] (avg cost = 17.10)
Agente 31: [0, 2, 4, 7, 9, 11, 14, 17, 20, 22, 23, 28, 30, 33, 36, 38, 40, 42, 44, 45, 48] (avg cost = 21.38)
Agente 32: [0, 1, 4, 7, 9, 11, 14, 17, 18, 22, 25, 28, 30] (avg cost = 14.31)
Agente 33: [0, 2, 5, 7, 9, 11, 14, 17, 20, 22, 25, 27, 30, 33] (avg cost = 15.86)
Agente 34: [0, 2, 4, 7, 9, 11, 14, 17, 19, 22, 25, 27, 30, 32, 36, 39, 40, 42, 44, 45, 46] (avg cost = 18.25)
Agente 35: [0, 2, 5, 7, 9, 11, 14, 17, 20, 22, 25, 28, 30, 33, 36, 39, 40, 41, 44, 45, 48] (avg cost = 17.79)
Agente 36: [0, 2, 5, 7, 8, 9, 13, 14, 20, 22, 25, 28, 30, 32, 36, 39, 40, 42, 44] (avg cost = 21.89)
Agente 37: [0, 2, 5, 7, 9, 11, 14, 17, 19, 22, 25, 28, 31] (avg cost = 14.62)
Agente 38: [0, 2, 5, 8, 9, 11, 14, 17, 20, 22, 25, 26, 30, 33, 36, 39, 40, 41, 44, 45] (avg cost = 23.35)
Agente 39: [0, 2, 5, 8, 9, 11, 13, 16, 20, 22, 26, 28] (avg cost = 13.33)
Agente 40: [0, 2, 3, 8, 9, 11, 14, 17, 19, 22, 26, 28, 31, 33, 36, 39, 40, 42, 45, 46, 48] (avg cost = 20.76)
Agente 41: [0, 2, 5, 8, 9, 11, 14, 18, 20, 22, 25, 27, 31, 33, 35, 39, 40, 42] (avg cost = 21.17)
Agente 42: [0, 2, 5, 8, 9, 11, 15, 18, 20, 22, 26, 27, 31, 33, 36, 39, 40, 42, 45, 46, 48, 49] (avg cost = 20.43)
Agente 43: [0, 2, 5, 8, 9, 12, 15, 18, 20, 22, 26, 28, 31, 34, 35, 39, 40, 42, 45, 46, 48] (avg cost = 19.44)
Agente 44: [0, 3, 5, 8, 9, 12, 15, 17, 20, 23, 26, 28, 31, 34, 36, 39] (avg cost = 19.12)
Agente 45: [0, 3, 5, 8, 9, 11, 15, 18, 21, 23, 26, 28, 31, 34, 36, 39, 40, 42, 45, 46] (avg cost = 24.00)
Agente 46: [0, 3, 5, 8, 9, 12, 15, 18, 21, 23, 26, 28, 31, 34, 37, 38, 40, 42, 45, 46, 47] (avg cost = 18.21)
Agente 47: [0, 2, 5, 8, 9, 12, 15, 16, 21, 23, 26, 28, 31, 34, 37, 39, 40, 43, 45, 46, 48] (avg cost = 22.00)
Agente 48: [0, 3, 5, 8, 9, 12, 15, 18, 21, 23, 26, 28, 31, 34, 37, 40, 41, 42, 43, 45, 47] (avg cost = 25.14)
Agente 49: [0, 3, 5, 8, 9, 12, 15, 17, 21, 23, 26, 29, 31, 34, 37, 40, 41, 43, 44, 45, 48, 49] (avg cost = 21.48)

Agente peggiore: 48 (costo medio = 25.14)

=== Dopo Ricerca Locale ===
Agente 0: [0, 1, 3, 5, 6, 9, 12, 15, 18, 21, 23, 24, 28, 31, 34, 37, 40, 41, 43, 45, 46, 48] (avg cost = 18.28)
Agente 1: [0, 1, 3, 6, 8, 9, 12, 15, 18, 21, 23, 27, 29, 31, 34, 37, 40, 41, 43, 45, 46, 48] (avg cost = 19.89)
Agente 2: [0, 1, 3, 5, 8, 9, 11, 15, 18, 21, 23, 27, 29, 31, 34, 37, 40, 41, 42, 45, 46, 49] (avg cost = 23.26)
Agente 3: [0, 1, 2, 3, 8, 9, 12, 15, 18, 21, 23, 26, 29, 32, 35, 37] (avg cost = 16.94)
Agente 4: [0, 1, 3, 5, 6, 9, 12, 15, 18, 21, 23, 27, 28, 32, 34] (avg cost = 15.60)
Agente 5: [0, 1, 3, 6, 9, 10, 12, 16, 18, 21, 22, 27, 29, 32, 35, 37, 40, 41, 43] (avg cost = 21.16)
Agente 6: [0, 1, 3, 6, 9, 10, 12, 16, 18, 21, 23, 27, 28, 31, 35, 36, 40, 41, 43, 45, 46, 49] (avg cost = 20.77)
Agente 7: [0, 1, 3, 6, 9, 10, 12, 15, 19, 21, 23, 27, 28, 32, 33, 35, 40, 41, 43, 45, 46, 48] (avg cost = 19.18)
Agente 8: [0, 1, 2, 6, 9, 10, 13, 16, 19, 21, 24, 27] (avg cost = 12.33)
Agente 9: [0, 1, 3, 6, 9, 10, 13, 15, 18, 20, 23, 26, 29, 32] (avg cost = 14.64)
Agente 10: [0, 1, 3, 6, 9, 10, 12, 13, 19, 22, 24, 27, 29, 32, 35, 37, 40, 41, 43, 45, 47, 49] (avg cost = 23.65)
Agente 11: [0, 1, 3, 6, 8, 9, 12, 14, 18, 22, 23, 27, 29, 32, 35, 38, 40, 41, 43, 45, 47, 49] (avg cost = 22.58)
Agente 12: [0, 1, 3, 6, 9, 10, 13, 16, 19, 22, 24, 27, 29, 32, 35, 38, 40, 41, 43, 45, 46] (avg cost = 23.76)
Agente 13: [0, 1, 3, 6, 9, 10, 13, 16, 19, 22, 24, 27, 29, 32, 35] (avg cost = 16.40)
Agente 14: [0, 1, 2, 6, 9, 10, 13, 16, 19, 21, 24, 27, 29, 32, 35, 38, 39, 40, 41, 45, 46, 49] (avg cost = 22.58)
Agente 15: [0, 1, 4, 6, 9, 10, 13, 16, 19, 21, 24, 27, 29, 32] (avg cost = 15.07)
Agente 16: [0, 1, 4, 6, 9, 10, 13, 15, 19, 22, 24, 27, 29, 30, 33, 38, 40, 41, 42, 45, 46, 49] (avg cost = 21.72)
Agente 17: [0, 1, 3, 6, 9, 10, 13, 16, 18, 22, 24, 27] (avg cost = 12.42)
Agente 18: [0, 1, 4, 6, 9, 10, 13, 16, 19, 22, 24, 27, 29, 32, 35, 38, 40, 41, 44, 45, 47] (avg cost = 23.90)
Agente 19: [0, 1, 4, 6, 9, 10, 13, 16, 19, 22, 24, 27, 29, 32, 35, 38, 40, 41, 43, 45, 47, 49] (avg cost = 23.91)
Agente 20: [0, 1, 4, 6, 9, 10, 13, 16, 19, 22, 24, 27, 30, 32, 35, 38, 39, 40, 44, 45, 47, 49] (avg cost = 25.00)
Agente 21: [0, 2, 4, 7, 9, 10, 13, 16, 19, 22] (avg cost = 10.20)
Agente 22: [0, 1, 4, 6, 9, 10, 13, 16, 19, 22, 24, 27, 29, 31, 35, 38, 40] (avg cost = 19.06)
Agente 23: [0, 2, 4, 6, 9, 11, 13, 17, 19, 21, 25, 27, 29, 33, 34, 38, 40, 41, 44] (avg cost = 21.74)
Agente 24: [0, 2, 4, 7, 9, 10, 14, 17, 19, 22, 24, 27, 29] (avg cost = 14.15)
Agente 25: [0, 2, 4, 7, 9, 10, 13, 17, 19, 22, 25, 27, 30, 33, 35, 38, 40, 41, 43, 45, 47] (avg cost = 21.12)
Agente 26: [0, 2, 4, 7, 9, 11, 14, 17, 19, 22, 25, 27, 30] (avg cost = 14.38)
Agente 27: [0, 2, 4, 7, 9, 10, 14, 17, 19, 22, 25, 27, 30, 33, 36, 38, 40, 41, 44, 45, 47, 49] (avg cost = 20.70)
Agente 28: [0, 1, 4, 7, 9, 11, 14, 17, 20, 22, 25, 27, 30, 33, 35, 38, 40, 41, 44, 45, 48] (avg cost = 22.22)
Agente 29: [0, 2, 4, 6, 9, 11, 12, 17, 20, 22, 25] (avg cost = 11.64)
Agente 30: [0, 2, 4, 7, 9, 11, 14, 17, 20, 22, 25, 27, 30, 33, 36, 38, 40, 41, 44, 45, 48] (avg cost = 17.10)
Agente 31: [0, 2, 4, 7, 9, 11, 14, 17, 20, 22, 23, 28, 30, 33, 36, 38, 40, 42, 44, 45, 48] (avg cost = 21.38)
Agente 32: [0, 1, 4, 7, 9, 11, 14, 17, 18, 22, 25, 28, 30] (avg cost = 14.31)
Agente 33: [0, 2, 5, 7, 9, 11, 14, 17, 20, 22, 25, 27, 30, 33] (avg cost = 15.86)
Agente 34: [0, 2, 4, 7, 9, 11, 14, 17, 19, 22, 25, 27, 30, 32, 36, 39, 40, 42, 44, 45, 46] (avg cost = 18.25)
Agente 35: [0, 2, 5, 7, 9, 11, 14, 17, 20, 22, 25, 28, 30, 33, 36, 39, 40, 41, 44, 45, 48] (avg cost = 17.79)
Agente 36: [0, 2, 5, 7, 8, 9, 13, 14, 20, 22, 25, 28, 30, 32, 36, 39, 40, 42, 44] (avg cost = 21.89)
Agente 37: [0, 2, 5, 7, 9, 11, 14, 17, 19, 22, 25, 28, 31] (avg cost = 14.62)
Agente 38: [0, 2, 5, 8, 9, 11, 14, 17, 20, 22, 25, 26, 30, 33, 36, 39, 40, 41, 44, 45] (avg cost = 23.35)
Agente 39: [0, 2, 5, 8, 9, 11, 13, 16, 20, 22, 26, 28] (avg cost = 13.33)
Agente 40: [0, 2, 3, 8, 9, 11, 14, 17, 19, 22, 26, 28, 31, 33, 36, 39, 40, 42, 45, 46, 48] (avg cost = 20.76)
Agente 41: [0, 2, 5, 8, 9, 11, 14, 18, 20, 22, 25, 27, 31, 33, 35, 39, 40, 42] (avg cost = 21.17)
Agente 42: [0, 2, 5, 8, 9, 11, 15, 18, 20, 22, 26, 27, 31, 33, 36, 39, 40, 42, 45, 46, 48, 49] (avg cost = 20.43)
Agente 43: [0, 2, 5, 8, 9, 12, 15, 18, 20, 22, 26, 28, 31, 34, 35, 39, 40, 42, 45, 46, 48] (avg cost = 19.44)
Agente 44: [0, 3, 5, 8, 9, 12, 15, 17, 20, 23, 26, 28, 31, 34, 36, 39] (avg cost = 19.12)
Agente 45: [0, 3, 5, 8, 9, 11, 15, 18, 21, 23, 26, 28, 31, 34, 36, 39, 40, 42, 45, 46] (avg cost = 24.00)
Agente 46: [0, 3, 5, 8, 9, 12, 15, 18, 21, 23, 26, 28, 31, 34, 37, 38, 40, 42, 45, 46, 47] (avg cost = 18.21)
Agente 47: [0, 2, 5, 8, 9, 12, 15, 16, 21, 23, 26, 28, 31, 34, 37, 39, 40, 43, 45, 46, 48] (avg cost = 22.00)
Agente 48: [0, 0, 0, 0, 0, 0, 0, 0, 0, 0, 0, 0, 0, 0, 0, 0, 0, 0, 0, 0, 0] (avg cost = 0.00)
Agente 49: [0, 3, 5, 8, 9, 12, 15, 17, 21, 23, 26, 29, 31, 34, 37, 40, 41, 43, 44, 45, 48, 49] (avg cost = 21.48)

Agente peggiore dopo local search: 20 (costo medio = 25.00)

Coincidenza allocazione Greedy / Locale?  No