 Istanza: MMLE_10
- Agenti: 50
- Slot: 50

=== Soluzione Greedy ===
Agente 0: [0, 1, 3, 5, 6, 8, 11, 13, 15, 18, 19, 20, 23, 25, 28, 31, 33, 36, 37, 40, 42, 43, 47, 49] (avg cost = 21.27)
Agente 1: [0, 1, 3, 5, 6, 8, 11, 13, 15, 18, 19] (avg cost = 9.00)
Agente 2: [0, 1, 3, 5, 6, 8, 11, 13, 15, 18, 19, 20, 21, 25, 28, 31, 33, 36, 37, 40, 42, 44, 47, 49] (avg cost = 19.71)
Agente 3: [0, 1, 3, 5, 6, 9, 11, 13, 16, 18, 19, 20, 23, 25, 27, 31, 32, 36, 37, 40, 42, 44, 45, 49] (avg cost = 23.00)
Agente 4: [0, 1, 3, 5, 6, 9, 11, 13, 16, 18, 19, 20, 23, 26, 28] (avg cost = 13.20)
Agente 5: [0, 1, 3, 5, 6, 9, 11, 13, 16, 18, 19, 20, 21, 26, 28, 31, 33, 36] (avg cost = 16.44)
Agente 6: [0, 1, 3, 5, 6, 9, 11, 13, 16, 18, 19, 20, 23] (avg cost = 11.08)
Agente 7: [0, 1, 2, 5, 6, 9, 11, 13, 16, 19, 20, 21, 23, 26, 28, 31, 33, 36, 37] (avg cost = 17.74)
Agente 8: [0, 1, 3, 6, 7, 9, 11, 13, 16, 19, 20, 21, 23, 26, 28, 31, 33, 36, 37, 40, 42, 45, 47] (avg cost = 19.04)
Agente 9: [0, 1, 3, 5, 6, 9, 12, 13, 16, 19, 20, 21, 22, 23, 28, 31, 33] (avg cost = 15.41)
Agente 10: [0, 1, 3, 6, 7, 9, 11, 13, 16, 19, 20, 21, 22, 26, 29, 31, 34, 36, 37, 40, 42, 44, 47, 49] (avg cost = 20.11)
Agente 11: [0, 1, 3, 6, 7, 9, 11, 13, 16, 19, 20, 21, 23] (avg cost = 11.46)
Agente 12: [0, 1, 3, 6, 7, 9, 12, 13, 16, 19, 20, 21, 23, 26, 29, 31, 34, 36, 37, 40, 42, 45, 47] (avg cost = 17.83)
Agente 13: [0, 1, 3, 6, 7, 9, 12, 13, 16, 17, 19, 20, 23, 26, 29, 31, 34, 36, 38, 40, 42, 44, 47] (avg cost = 22.30)
Agente 14: [0, 1, 3, 6, 7, 9, 11, 13, 15, 19, 20, 21] (avg cost = 10.42)
Agente 15: [0, 1, 4, 6, 7, 9, 12, 14, 16, 19, 20, 21, 23] (avg cost = 11.69)
Agente 16: [0, 1, 4, 6, 7, 9, 12, 14, 16, 19, 20, 21, 23, 24, 29, 31, 33, 36, 38, 40, 42, 45, 46] (avg cost = 20.64)
Agente 17: [0, 1, 4, 5, 6, 10, 12, 13, 16, 19, 20, 21, 23, 26, 29, 32, 33, 36, 37, 40, 42] (avg cost = 20.24)
Agente 18: [0, 1, 4, 6, 7, 10, 12, 14, 16, 19] (avg cost = 8.90)
Agente 19: [0, 1, 3, 6, 7, 10, 12, 14, 16, 19, 20, 21, 24, 26, 29, 32] (avg cost = 15.00)
Agente 20: [0, 1, 4, 6, 7, 10, 12, 14, 16, 17, 19, 20, 24, 26, 28, 32, 34, 36, 38, 40, 42, 45, 48] (avg cost = 17.30)
Agente 21: [0, 1, 4, 5, 6, 10, 12, 14, 16, 19, 20, 21, 24, 26, 27, 32, 34, 36, 38, 40] (avg cost = 19.25)
Agente 22: [0, 2, 4, 6, 7, 10, 12, 14, 16, 19, 20, 21, 24, 26, 29, 32, 34, 36, 38, 40] (avg cost = 19.50)
Agente 23: [0, 1, 4, 6, 7, 9, 12, 14, 16, 19, 20, 21, 24, 25, 29, 32, 34, 36, 38, 41, 43, 45, 48] (avg cost = 18.71)
Agente 24: [0, 2, 4, 6, 7, 10, 12, 14, 16, 19, 20, 21, 23, 27, 29, 32, 34, 36, 38] (avg cost = 18.42)
Agente 25: [0, 2, 4, 6, 7, 10, 12, 14, 17, 19, 20, 21, 24, 27, 29, 32, 34, 36, 38, 41, 43, 45, 47] (avg cost = 21.12)
Agente 26: [0, 2, 4, 6, 7, 10, 12, 14, 17, 19, 20, 21, 22, 26, 29, 32, 34, 36, 38, 40, 43, 45, 48] (avg cost = 17.50)
Agente 27: [0, 2, 4, 6, 7, 9, 12, 13, 17, 19, 20, 21, 23, 27, 30, 32, 35, 36, 37, 41, 43, 45, 48] (avg cost = 17.57)
Agente 28: [0, 2, 4, 6, 7, 10, 12, 14, 17, 19, 20, 22, 24, 27, 30, 32, 33, 36, 39, 41, 43, 45, 48] (avg cost = 19.67)
Agente 29: [0, 2, 4, 6, 7, 10, 12, 14, 17, 19, 20, 21, 24, 27, 30, 32, 35, 36, 38, 41, 43, 45, 47] (avg cost = 21.20)
Agente 30: [0, 2, 4, 6, 8, 10, 12, 14, 17, 19, 20, 21] (avg cost = 11.08)
Agente 31: [0, 2, 4, 6, 8, 10, 12, 14, 17, 18, 19, 20, 24, 27, 30] (avg cost = 14.07)
Agente 32: [0, 2, 4, 6, 8, 10, 12, 13, 17, 19, 20, 21, 24, 27, 30] (avg cost = 14.20)
Agente 33: [0, 2, 3, 6, 8, 9, 12, 14, 17, 19, 20, 22, 24, 27, 30, 32, 35, 36, 39, 41, 43, 46, 48] (avg cost = 21.32)
Agente 34: [0, 2, 4, 6, 7, 10, 12, 14, 17, 19, 20, 22] (avg cost = 11.08)
Agente 35: [0, 2, 5, 6, 8, 10, 12, 14, 17, 19, 20, 22, 24, 27, 30, 32, 35, 36, 39, 41, 43, 45, 47] (avg cost = 19.78)
Agente 36: [0, 2, 3, 6, 8, 11, 12, 15, 16, 19, 20, 22, 24, 25, 30, 32, 35, 36, 38, 41, 43, 46, 48] (avg cost = 17.73)
Agente 37: [0, 2, 4, 6, 8, 10, 12, 15, 16, 19, 20, 22, 25, 27, 30, 31, 35, 36, 39, 41, 44, 46, 49] (avg cost = 23.35)
Agente 38: [0, 2, 5, 6, 8, 10, 12, 15, 17, 19, 20, 22, 24, 27, 28, 33, 34, 36, 39, 40, 43, 46, 49] (avg cost = 18.45)
Agente 39: [0, 2, 5, 6, 8, 11, 12, 15, 17, 19, 20, 22, 25, 27, 30, 33, 35, 36, 38, 41, 44, 46, 48] (avg cost = 18.00)
Agente 40: [0, 2, 5, 6, 8, 11, 12, 15, 18, 19, 20, 22, 25, 27, 30, 32, 35, 36, 38, 41, 44, 46] (avg cost = 22.36)
Agente 41: [0, 2, 5, 6, 8, 11, 12, 15, 18, 19, 20, 22, 25, 27, 31, 33, 35, 36, 39, 41, 44] (avg cost = 21.38)
Agente 42: [0, 1, 5, 6, 8, 10, 12, 15, 18, 19, 20, 22, 25, 28, 31, 33, 35, 36, 39, 41, 44, 46, 48] (avg cost = 21.68)
Agente 43: [0, 2, 5, 6, 8, 11, 12, 15, 18, 19, 20, 22, 25, 28, 30, 33, 36, 37, 38, 41, 44, 46, 49] (avg cost = 23.70)
Agente 44: [0, 3, 5, 6, 8, 11, 12, 15, 18, 19, 20, 21, 25, 28, 29, 33, 35, 36, 40, 41, 44, 46, 49] (avg cost = 20.92)
Agente 45: [0, 3, 4, 6, 7, 10, 12, 15, 18, 19, 20, 22, 25, 28, 29] (avg cost = 14.53)
Agente 46: [0, 3, 5, 6, 8, 11, 12, 15, 18, 19, 20, 22, 25, 28, 31, 33, 36, 37, 39, 42, 44, 47, 49] (avg cost = 18.97)
Agente 47: [0, 3, 5, 6, 8, 11, 12, 15, 16, 19, 20, 22, 24, 28, 31] (avg cost = 14.67)
Agente 48: [0, 3, 5, 6, 8, 11, 12, 15, 18, 19, 20, 23, 25] (avg cost = 12.69)
Agente 49: [0, 3, 5, 6, 8, 11, 13, 15, 18, 19, 20, 22, 25, 28, 31, 33, 36, 37, 40] (avg cost = 19.47)

Agente peggiore: 43 (costo medio = 23.70)

=== Dopo Ricerca Locale ===
Agente 0: [0, 1, 3, 5, 6, 8, 11, 13, 15, 18, 19, 20, 23, 25, 28, 31, 33, 36, 37, 40, 42, 43, 47, 49] (avg cost = 21.27)
Agente 1: [0, 1, 3, 5, 6, 8, 11, 13, 15, 18, 19] (avg cost = 9.00)
Agente 2: [0, 1, 3, 5, 6, 8, 11, 13, 15, 18, 19, 20, 21, 25, 28, 31, 33, 36, 37, 40, 42, 44, 47, 49] (avg cost = 19.71)
Agente 3: [0, 1, 3, 5, 6, 9, 11, 13, 16, 18, 19, 20, 23, 25, 27, 31, 32, 36, 37, 40, 42, 44, 45, 49] (avg cost = 23.00)
Agente 4: [0, 1, 3, 5, 6, 9, 11, 13, 16, 18, 19, 20, 23, 26, 28] (avg cost = 13.20)
Agente 5: [0, 1, 3, 5, 6, 9, 11, 13, 16, 18, 19, 20, 21, 26, 28, 31, 33, 36] (avg cost = 16.44)
Agente 6: [0, 1, 3, 5, 6, 9, 11, 13, 16, 18, 19, 20, 23] (avg cost = 11.08)
Agente 7: [0, 1, 2, 5, 6, 9, 11, 13, 16, 19, 20, 21, 23, 26, 28, 31, 33, 36, 37] (avg cost = 17.74)
Agente 8: [0, 1, 3, 6, 7, 9, 11, 13, 16, 19, 20, 21, 23, 26, 28, 31, 33, 36, 37, 40, 42, 45, 47] (avg cost = 19.04)
Agente 9: [0, 1, 3, 5, 6, 9, 12, 13, 16, 19, 20, 21, 22, 23, 28, 31, 33] (avg cost = 15.41)
Agente 10: [0, 1, 3, 6, 7, 9, 11, 13, 16, 19, 20, 21, 22, 26, 29, 31, 34, 36, 37, 40, 42, 44, 47, 49] (avg cost = 20.11)
Agente 11: [0, 1, 3, 6, 7, 9, 11, 13, 16, 19, 20, 21, 23] (avg cost = 11.46)
Agente 12: [0, 1, 3, 6, 7, 9, 12, 13, 16, 19, 20, 21, 23, 26, 29, 31, 34, 36, 37, 40, 42, 45, 47] (avg cost = 17.83)
Agente 13: [0, 1, 3, 6, 7, 9, 12, 13, 16, 17, 19, 20, 23, 26, 29, 31, 34, 36, 38, 40, 42, 44, 47] (avg cost = 22.30)
Agente 14: [0, 1, 3, 6, 7, 9, 11, 13, 15, 19, 20, 21] (avg cost = 10.42)
Agente 15: [0, 1, 4, 6, 7, 9, 12, 14, 16, 19, 20, 21, 23] (avg cost = 11.69)
Agente 16: [0, 1, 4, 6, 7, 9, 12, 14, 16, 19, 20, 21, 23, 24, 29, 31, 33, 36, 38, 40, 42, 45, 46] (avg cost = 20.64)
Agente 17: [0, 1, 4, 5, 6, 10, 12, 13, 16, 19, 20, 21, 23, 26, 29, 32, 33, 36, 37, 40, 42] (avg cost = 20.24)
Agente 18: [0, 1, 4, 6, 7, 10, 12, 14, 16, 19] (avg cost = 8.90)
Agente 19: [0, 1, 3, 6, 7, 10, 12, 14, 16, 19, 20, 21, 24, 26, 29, 32] (avg cost = 15.00)
Agente 20: [0, 1, 4, 6, 7, 10, 12, 14, 16, 17, 19, 20, 24, 26, 28, 32, 34, 36, 38, 40, 42, 45, 48] (avg cost = 17.30)
Agente 21: [0, 1, 4, 5, 6, 10, 12, 14, 16, 19, 20, 21, 24, 26, 27, 32, 34, 36, 38, 40] (avg cost = 19.25)
Agente 22: [0, 2, 4, 6, 7, 10, 12, 14, 16, 19, 20, 21, 24, 26, 29, 32, 34, 36, 38, 40] (avg cost = 19.50)
Agente 23: [0, 1, 4, 6, 7, 9, 12, 14, 16, 19, 20, 21, 24, 25, 29, 32, 34, 36, 38, 41, 43, 45, 48] (avg cost = 18.71)
Agente 24: [0, 2, 4, 6, 7, 10, 12, 14, 16, 19, 20, 21, 23, 27, 29, 32, 34, 36, 38] (avg cost = 18.42)
Agente 25: [0, 2, 4, 6, 7, 10, 12, 14, 17, 19, 20, 21, 24, 27, 29, 32, 34, 36, 38, 41, 43, 45, 47] (avg cost = 21.12)
Agente 26: [0, 2, 4, 6, 7, 10, 12, 14, 17, 19, 20, 21, 22, 26, 29, 32, 34, 36, 38, 40, 43, 45, 48] (avg cost = 17.50)
Agente 27: [0, 2, 4, 6, 7, 9, 12, 13, 17, 19, 20, 21, 23, 27, 30, 32, 35, 36, 37, 41, 43, 45, 48] (avg cost = 17.57)
Agente 28: [0, 2, 4, 6, 7, 10, 12, 14, 17, 19, 20, 22, 24, 27, 30, 32, 33, 36, 39, 41, 43, 45, 48] (avg cost = 19.67)
Agente 29: [0, 2, 4, 6, 7, 10, 12, 14, 17, 19, 20, 21, 24, 27, 30, 32, 35, 36, 38, 41, 43, 45, 47] (avg cost = 21.20)
Agente 30: [0, 2, 4, 6, 8, 10, 12, 14, 17, 19, 20, 21] (avg cost = 11.08)
Agente 31: [0, 2, 4, 6, 8, 10, 12, 14, 17, 18, 19, 20, 24, 27, 30] (avg cost = 14.07)
Agente 32: [0, 2, 4, 6, 8, 10, 12, 13, 17, 19, 20, 21, 24, 27, 30] (avg cost = 14.20)
Agente 33: [0, 2, 3, 6, 8, 9, 12, 14, 17, 19, 20, 22, 24, 27, 30, 32, 35, 36, 39, 41, 43, 46, 48] (avg cost = 21.32)
Agente 34: [0, 2, 4, 6, 7, 10, 12, 14, 17, 19, 20, 22] (avg cost = 11.08)
Agente 35: [0, 2, 5, 6, 8, 10, 12, 14, 17, 19, 20, 22, 24, 27, 30, 32, 35, 36, 39, 41, 43, 45, 47] (avg cost = 19.78)
Agente 36: [0, 2, 3, 6, 8, 11, 12, 15, 16, 19, 20, 22, 24, 25, 30, 32, 35, 36, 38, 41, 43, 46, 48] (avg cost = 17.73)
Agente 37: [0, 2, 4, 6, 8, 10, 12, 15, 16, 19, 20, 22, 25, 27, 30, 31, 35, 36, 39, 41, 44, 46, 49] (avg cost = 23.35)
Agente 38: [0, 2, 5, 6, 8, 10, 12, 15, 17, 19, 20, 22, 24, 27, 28, 33, 34, 36, 39, 40, 43, 46, 49] (avg cost = 18.45)
Agente 39: [0, 2, 5, 6, 8, 11, 12, 15, 17, 19, 20, 22, 25, 27, 30, 33, 35, 36, 38, 41, 44, 46, 48] (avg cost = 18.00)
Agente 40: [0, 2, 5, 6, 8, 11, 12, 15, 18, 19, 20, 22, 25, 27, 30, 32, 35, 36, 38, 41, 44, 46] (avg cost = 22.36)
Agente 41: [0, 2, 5, 6, 8, 11, 12, 15, 18, 19, 20, 22, 25, 27, 31, 33, 35, 36, 39, 41, 44] (avg cost = 21.38)
Agente 42: [0, 1, 5, 6, 8, 10, 12, 15, 18, 19, 20, 22, 25, 28, 31, 33, 35, 36, 39, 41, 44, 46, 48] (avg cost = 21.68)
Agente 43: [0, 0, 0, 0, 0, 0, 0, 0, 0, 0, 0, 0, 0, 0, 0, 0, 6, 6, 6, 6, 6, 6, 6] (avg cost = 1.83)
Agente 44: [0, 3, 5, 6, 8, 11, 12, 15, 18, 19, 20, 21, 25, 28, 29, 33, 35, 36, 40, 41, 44, 46, 49] (avg cost = 20.92)
Agente 45: [0, 3, 4, 6, 7, 10, 12, 15, 18, 19, 20, 22, 25, 28, 29] (avg cost = 14.53)
Agente 46: [0, 3, 5, 6, 8, 11, 12, 15, 18, 19, 20, 22, 25, 28, 31, 33, 36, 37, 39, 42, 44, 47, 49] (avg cost = 18.97)
Agente 47: [0, 3, 5, 6, 8, 11, 12, 15, 16, 19, 20, 22, 24, 28, 31] (avg cost = 14.67)
Agente 48: [0, 3, 5, 6, 8, 11, 12, 15, 18, 19, 20, 23, 25] (avg cost = 12.69)
Agente 49: [0, 3, 5, 6, 8, 11, 13, 15, 18, 19, 20, 22, 25, 28, 31, 33, 36, 37, 40] (avg cost = 19.47)

Agente peggiore dopo local search: 37 (costo medio = 23.35)

Coincidenza allocazione Greedy / Locale?  No