 Istanza: MMLE_7
- Agenti: 50
- Slot: 50

=== Soluzione Greedy ===
Agente 0: [0, 2, 4, 7, 9, 11, 15, 17, 20, 23, 26] (avg cost = 12.18)
Agente 1: [0, 1, 4, 7, 9, 12, 14, 17, 20, 22, 25, 29, 33, 34, 36, 39, 40, 42, 45, 46, 49] (avg cost = 19.41)
Agente 2: [0, 2, 4, 7, 9, 12, 15, 17, 21, 24, 26, 29, 33, 34, 36, 39, 40, 41, 44, 45, 49] (avg cost = 18.17)
Agente 3: [0, 2, 4, 7, 9, 12, 14, 18, 20, 24, 26, 29, 30, 33, 36, 39, 40, 42, 45, 46, 49] (avg cost = 18.75)
Agente 4: [0, 2, 4, 7, 10, 12, 15, 18, 21, 24, 26, 29] (avg cost = 14.00)
Agente 5: [0, 2, 4, 6, 9, 11, 15, 17, 19, 24, 26, 30, 33, 34, 36, 39, 40, 43, 45, 46, 49] (avg cost = 18.86)
Agente 6: [0, 1, 4, 7, 10, 11, 15, 18, 21, 22, 26, 29, 33, 34, 35, 39, 40, 42, 45, 46, 48] (avg cost = 18.14)
Agente 7: [0, 2, 5, 7, 9, 12, 15, 18, 21, 24, 25, 29, 33, 34] (avg cost = 16.71)
Agente 8: [0, 2, 5, 7, 10, 12, 15, 18, 20, 24, 26, 30, 32, 33] (avg cost = 16.71)
Agente 9: [0, 2, 5, 7, 10, 12, 15, 18, 21, 24, 26, 30, 33, 34, 36, 39, 40, 43, 45, 46] (avg cost = 24.30)
Agente 10: [0, 2, 5, 7, 8, 11, 15, 18, 21, 24, 25, 30] (avg cost = 13.83)
Agente 11: [0, 1, 5, 7, 10, 12, 15, 18, 21, 24, 26, 30, 33, 34, 36, 39, 40, 43, 45, 46, 49] (avg cost = 17.80)
Agente 12: [0, 2, 5, 7, 9, 12, 15, 18, 21, 24, 27] (avg cost = 12.73)
Agente 13: [0, 2, 5, 7, 10, 12, 15, 17, 21, 22, 27, 29, 33, 34, 36, 37, 39, 43, 45, 46, 49] (avg cost = 25.19)
Agente 14: [0, 2, 5, 7, 9, 12, 15, 18, 21, 22, 26, 30, 33, 34, 36, 39, 40, 43, 45, 47, 49] (avg cost = 19.04)
Agente 15: [0, 2, 4, 7, 10, 12, 15, 18, 21, 24, 27, 30, 31] (avg cost = 15.46)
Agente 16: [0, 2, 5, 8, 9, 13, 15, 18, 21, 24, 27, 30, 33, 34, 36, 39, 40, 42, 45, 47, 49] (avg cost = 20.65)
Agente 17: [0, 2, 5, 7, 10, 13, 16, 18, 21, 24, 27, 30, 33, 34, 36, 39, 40, 43, 45, 46, 49] (avg cost = 25.62)
Agente 18: [0, 2, 5, 8, 10, 13, 15, 19, 22, 24, 27, 30, 33, 34, 37, 39, 40, 43, 45, 47] (avg cost = 24.65)
Agente 19: [0, 2, 5, 7, 10, 13, 16, 19, 22, 23, 27, 30] (avg cost = 14.50)
Agente 20: [0, 3, 5, 8, 10, 11, 16, 19, 21, 24, 27, 31, 32, 33, 37, 39, 41, 43, 45, 47, 49] (avg cost = 22.54)
Agente 21: [0, 3, 5, 8, 10, 13, 14, 15, 22, 24, 27, 30, 33, 34, 37, 39, 40, 43, 45, 47] (avg cost = 16.30)
Agente 22: [0, 3, 5, 8, 10, 13, 16, 19, 22, 24, 27, 31, 33, 35, 37, 39, 40, 41, 45, 47, 49] (avg cost = 19.43)
Agente 23: [0, 3, 5, 8, 10, 11, 12, 18, 22, 24, 27, 31, 33, 35, 36, 39, 40, 43] (avg cost = 22.06)
Agente 24: [0, 3, 5, 8, 10, 13, 16, 19, 22, 24, 27] (avg cost = 13.36)
Agente 25: [0, 3, 6, 8, 10, 13, 16, 19, 22, 24, 28, 31, 32, 33, 37, 39, 40, 43, 45, 47] (avg cost = 20.67)
Agente 26: [0, 3, 6, 8, 10, 13, 16, 19, 22, 24, 28, 31, 33, 34, 37, 39, 41, 44, 45, 46, 49] (avg cost = 18.27)
Agente 27: [0, 3, 6, 8, 10, 13, 16, 19, 22, 24, 27, 31, 33, 34, 37, 39, 41] (avg cost = 21.35)
Agente 28: [0, 3, 6, 8, 10, 13, 16, 19, 22, 24, 28, 31, 32, 33, 34, 39, 41, 44, 45, 47] (avg cost = 20.62)
Agente 29: [0, 3, 6, 8, 10, 13, 16, 19, 22, 24, 28, 31] (avg cost = 15.00)
Agente 30: [0, 3, 6, 8, 10, 13, 16, 19, 21, 25, 28, 31, 33, 35, 37, 39, 41, 44, 45, 46] (avg cost = 25.00)
Agente 31: [0, 3, 6, 8, 10, 13, 16, 19, 22, 25, 28, 31, 33, 34] (avg cost = 17.71)
Agente 32: [1, 3, 6, 8, 11, 13, 16, 19, 22, 24, 28, 31, 33, 35, 36, 39, 41, 43, 45, 47] (avg cost = 25.05)
Agente 33: [1, 3, 4, 9, 11, 14, 16, 19, 22, 25, 28, 31, 33, 35, 37] (avg cost = 19.20)
Agente 34: [1, 2, 6, 7, 11, 13, 16, 19, 22, 25, 28, 32, 33, 34, 38, 39, 41, 43, 45, 48] (avg cost = 16.77)
Agente 35: [1, 3, 6, 9, 11, 13, 17, 19, 22, 25, 28, 31, 33, 34, 37, 39, 41, 44, 45, 47] (avg cost = 24.05)
Agente 36: [1, 3, 6, 8, 11, 14, 16, 19, 23, 25, 28, 32, 33, 35, 38, 39, 41, 44, 45, 47] (avg cost = 17.52)
Agente 37: [1, 3, 6, 8, 11, 14, 16, 19, 23, 24, 28, 32, 33, 35, 38] (avg cost = 19.40)
Agente 38: [1, 3, 6, 9, 11, 14, 17, 20, 23, 25, 28, 32, 33, 35, 38, 39, 41, 44, 45, 48] (avg cost = 21.33)
Agente 39: [1, 4, 6, 8, 11, 14, 17, 20, 23, 25, 26, 32, 33, 34, 37, 39, 41, 44] (avg cost = 23.06)
Agente 40: [1, 3, 4, 9, 11, 14, 16, 19, 23, 24, 27, 32, 33, 35, 38, 39, 42, 44] (avg cost = 23.00)
Agente 41: [1, 4, 6, 9, 11, 14, 17, 20, 23, 25, 28, 32, 33, 35, 38, 39, 40] (avg cost = 22.06)
Agente 42: [1, 4, 6, 9, 10, 13, 17, 20, 23, 25, 29, 32, 33, 35, 38, 39, 42, 44, 45, 48] (avg cost = 24.43)
Agente 43: [1, 4, 6, 9, 11, 14, 17, 19, 23, 25, 29] (avg cost = 14.36)
Agente 44: [1, 4, 6, 9, 11, 14, 16, 20, 23, 25, 29, 32, 33, 35, 37, 39, 42, 44, 45] (avg cost = 24.47)
Agente 45: [1, 4, 6, 9, 11, 14, 17, 20, 23, 26, 28, 32, 33, 36, 38, 39, 42, 45, 46, 48] (avg cost = 25.90)
Agente 46: [1, 4, 5, 9, 11, 14, 17, 20, 23, 26, 29, 32, 33, 36, 38, 39, 42, 45, 46, 48] (avg cost = 17.27)
Agente 47: [1, 4, 6, 9, 11, 14, 17, 20, 23, 26, 29, 32, 33, 36, 39, 40, 42, 44, 45, 48] (avg cost = 24.71)
Agente 48: [2, 4, 7, 9, 11, 14, 17, 20, 23, 26, 29, 33, 34, 36, 37, 39, 40, 45, 46, 48] (avg cost = 20.00)
Agente 49: [1, 4, 7, 9, 11, 13, 17, 20, 24, 26, 29, 32, 33, 36, 39, 40, 42, 43, 45, 48] (avg cost = 18.54)

Agente peggiore: 45 (costo medio = 25.90)

=== Dopo Ricerca Locale ===
Agente 0: [0, 2, 4, 7, 9, 11, 15, 17, 20, 23, 26] (avg cost = 12.18)
Agente 1: [0, 1, 4, 7, 9, 12, 14, 17, 20, 22, 25, 29, 33, 34, 36, 39, 40, 42, 45, 46, 49] (avg cost = 19.41)
Agente 2: [0, 2, 4, 7, 9, 12, 15, 17, 21, 24, 26, 29, 33, 34, 36, 39, 40, 41, 44, 45, 49] (avg cost = 18.17)
Agente 3: [0, 2, 4, 7, 9, 12, 14, 18, 20, 24, 26, 29, 30, 33, 36, 39, 40, 42, 45, 46, 49] (avg cost = 18.75)
Agente 4: [0, 2, 4, 7, 10, 12, 15, 18, 21, 24, 26, 29] (avg cost = 14.00)
Agente 5: [0, 2, 4, 6, 9, 11, 15, 17, 19, 24, 26, 30, 33, 34, 36, 39, 40, 43, 45, 46, 49] (avg cost = 18.86)
Agente 6: [0, 1, 4, 7, 10, 11, 15, 18, 21, 22, 26, 29, 33, 34, 35, 39, 40, 42, 45, 46, 48] (avg cost = 18.14)
Agente 7: [0, 2, 5, 7, 9, 12, 15, 18, 21, 24, 25, 29, 33, 34] (avg cost = 16.71)
Agente 8: [0, 2, 5, 7, 10, 12, 15, 18, 20, 24, 26, 30, 32, 33] (avg cost = 16.71)
Agente 9: [0, 2, 5, 7, 10, 12, 15, 18, 21, 24, 26, 30, 33, 34, 36, 39, 40, 43, 45, 46] (avg cost = 24.30)
Agente 10: [0, 2, 5, 7, 8, 11, 15, 18, 21, 24, 25, 30] (avg cost = 13.83)
Agente 11: [0, 1, 5, 7, 10, 12, 15, 18, 21, 24, 26, 30, 33, 34, 36, 39, 40, 43, 45, 46, 49] (avg cost = 17.80)
Agente 12: [0, 2, 5, 7, 9, 12, 15, 18, 21, 24, 27] (avg cost = 12.73)
Agente 13: [0, 2, 5, 7, 10, 12, 15, 17, 21, 22, 27, 29, 33, 34, 36, 37, 39, 43, 45, 46, 49] (avg cost = 25.19)
Agente 14: [0, 2, 5, 7, 9, 12, 15, 18, 21, 22, 26, 30, 33, 34, 36, 39, 40, 43, 45, 47, 49] (avg cost = 19.04)
Agente 15: [0, 2, 4, 7, 10, 12, 15, 18, 21, 24, 27, 30, 31] (avg cost = 15.46)
Agente 16: [0, 2, 5, 8, 9, 13, 15, 18, 21, 24, 27, 30, 33, 34, 36, 39, 40, 42, 45, 47, 49] (avg cost = 20.65)
Agente 17: [0, 2, 5, 7, 10, 13, 16, 18, 21, 24, 27, 30, 33, 34, 36, 39, 40, 43, 45, 46, 49] (avg cost = 25.62)
Agente 18: [0, 2, 5, 8, 10, 13, 15, 19, 22, 24, 27, 30, 33, 34, 37, 39, 40, 43, 45, 47] (avg cost = 24.65)
Agente 19: [0, 2, 5, 7, 10, 13, 16, 19, 22, 23, 27, 30] (avg cost = 14.50)
Agente 20: [0, 3, 5, 8, 10, 11, 16, 19, 21, 24, 27, 31, 32, 33, 37, 39, 41, 43, 45, 47, 49] (avg cost = 22.54)
Agente 21: [0, 3, 5, 8, 10, 13, 14, 15, 22, 24, 27, 30, 33, 34, 37, 39, 40, 43, 45, 47] (avg cost = 16.30)
Agente 22: [0, 3, 5, 8, 10, 13, 16, 19, 22, 24, 27, 31, 33, 35, 37, 39, 40, 41, 45, 47, 49] (avg cost = 19.43)
Agente 23: [0, 3, 5, 8, 10, 11, 12, 18, 22, 24, 27, 31, 33, 35, 36, 39, 40, 43] (avg cost = 22.06)
Agente 24: [0, 3, 5, 8, 10, 13, 16, 19, 22, 24, 27] (avg cost = 13.36)
Agente 25: [0, 3, 6, 8, 10, 13, 16, 19, 22, 24, 28, 31, 32, 33, 37, 39, 40, 43, 45, 47] (avg cost = 20.67)
Agente 26: [0, 3, 6, 8, 10, 13, 16, 19, 22, 24, 28, 31, 33, 34, 37, 39, 41, 44, 45, 46, 49] (avg cost = 18.27)
Agente 27: [0, 3, 6, 8, 10, 13, 16, 19, 22, 24, 27, 31, 33, 34, 37, 39, 41] (avg cost = 21.35)
Agente 28: [0, 3, 6, 8, 10, 13, 16, 19, 22, 24, 28, 31, 32, 33, 34, 39, 41, 44, 45, 47] (avg cost = 20.62)
Agente 29: [0, 3, 6, 8, 10, 13, 16, 19, 22, 24, 28, 31] (avg cost = 15.00)
Agente 30: [0, 3, 6, 8, 10, 13, 16, 19, 21, 25, 28, 31, 33, 35, 37, 39, 41, 44, 45, 46] (avg cost = 25.00)
Agente 31: [0, 3, 6, 8, 10, 13, 16, 19, 22, 25, 28, 31, 33, 34] (avg cost = 17.71)
Agente 32: [1, 3, 6, 8, 11, 13, 16, 19, 22, 24, 28, 31, 33, 35, 36, 39, 41, 43, 45, 47] (avg cost = 25.05)
Agente 33: [1, 3, 4, 9, 11, 14, 16, 19, 22, 25, 28, 31, 33, 35, 37] (avg cost = 19.20)
Agente 34: [1, 2, 6, 7, 11, 13, 16, 19, 22, 25, 28, 32, 33, 34, 38, 39, 41, 43, 45, 48] (avg cost = 16.77)
Agente 35: [1, 3, 6, 9, 11, 13, 17, 19, 22, 25, 28, 31, 33, 34, 37, 39, 41, 44, 45, 47] (avg cost = 24.05)
Agente 36: [1, 3, 6, 8, 11, 14, 16, 19, 23, 25, 28, 32, 33, 35, 38, 39, 41, 44, 45, 47] (avg cost = 17.52)
Agente 37: [1, 3, 6, 8, 11, 14, 16, 19, 23, 24, 28, 32, 33, 35, 38] (avg cost = 19.40)
Agente 38: [1, 3, 6, 9, 11, 14, 17, 20, 23, 25, 28, 32, 33, 35, 38, 39, 41, 44, 45, 48] (avg cost = 21.33)
Agente 39: [1, 4, 6, 8, 11, 14, 17, 20, 23, 25, 26, 32, 33, 34, 37, 39, 41, 44] (avg cost = 23.06)
Agente 40: [1, 3, 4, 9, 11, 14, 16, 19, 23, 24, 27, 32, 33, 35, 38, 39, 42, 44] (avg cost = 23.00)
Agente 41: [1, 4, 6, 9, 11, 14, 17, 20, 23, 25, 28, 32, 33, 35, 38, 39, 40] (avg cost = 22.06)
Agente 42: [1, 4, 6, 9, 10, 13, 17, 20, 23, 25, 29, 32, 33, 35, 38, 39, 42, 44, 45, 48] (avg cost = 24.43)
Agente 43: [1, 4, 6, 9, 11, 14, 17, 19, 23, 25, 29] (avg cost = 14.36)
Agente 44: [1, 4, 6, 9, 11, 14, 16, 20, 23, 25, 29, 32, 33, 35, 37, 39, 42, 44, 45] (avg cost = 24.47)
Agente 45: [1, 4, 6, 9, 11, 14, 17, 20, 23, 26, 28, 32, 33, 33, 33, 33, 33, 33, 33, 33] (avg cost = 22.75)
Agente 46: [1, 4, 5, 9, 11, 14, 17, 20, 23, 26, 29, 32, 33, 36, 38, 39, 42, 45, 46, 48] (avg cost = 17.27)
Agente 47: [1, 4, 6, 9, 11, 14, 17, 20, 23, 26, 29, 32, 33, 36, 39, 40, 42, 44, 45, 48] (avg cost = 24.71)
Agente 48: [2, 4, 7, 9, 11, 14, 17, 20, 23, 26, 29, 33, 34, 36, 37, 39, 40, 45, 46, 48] (avg cost = 20.00)
Agente 49: [1, 4, 7, 9, 11, 13, 17, 20, 24, 26, 29, 32, 33, 36, 39, 40, 42, 43, 45, 48] (avg cost = 18.54)

Agente peggiore dopo local search: 17 (costo medio = 25.62)

Coincidenza allocazione Greedy / Locale?  No