 Istanza: MLE_3
- Agenti: 12
- Slot: 16

=== Soluzione Greedy ===
Agente 0: [0, 0, 1, 1, 2, 3, 4, 5, 6, 6, 5, 9, 10, 11, 12, 12, 13] (avg cost = 5.88)
Agente 1: [0, 1, 1, 1, 1, 3, 4, 5, 6, 7, 7, 8, 10, 11, 11, 12, 13, 13, 13, 11, 13, 13, 13, 14, 14, 14, 15, 15, 15] (avg cost = 9.10)
Agente 2: [0, 1, 1, 1, 2, 3, 4, 5, 6, 7, 8, 9] (avg cost = 3.92)
Agente 3: [0, 1, 1, 1, 2, 3, 4, 5, 6, 7, 8, 9, 11, 11, 11, 13, 13, 13, 13, 13, 13, 13, 13, 13, 14, 14, 15] (avg cost = 8.89)
Agente 4: [0, 0, 1, 2, 2, 3, 4, 3, 6, 7, 8, 10, 10] (avg cost = 4.31)
Agente 5: [0, 1, 1, 2, 2, 3, 4, 5, 6, 7, 9, 10, 11, 11, 12, 12, 11, 11, 13, 13, 13, 13, 14, 14] (avg cost = 8.25)
Agente 6: [0, 1, 1, 1, 2, 3, 4, 6, 6, 8, 9, 10] (avg cost = 4.25)
Agente 7: [0, 1, 1, 2, 2, 3, 5, 5, 7, 7, 8, 10] (avg cost = 4.25)
Agente 8: [1, 1, 1, 2, 2, 3, 5, 3, 0, 8, 9, 10, 10] (avg cost = 4.23)
Agente 9: [1, 1, 1, 2, 1, 3, 4, 6, 7, 8, 9] (avg cost = 3.91)
Agente 10: [1, 1, 1, 2, 2, 4, 4, 5, 7, 8, 8, 10, 11, 11, 12, 13, 13, 13, 13, 13, 13] (avg cost = 7.86)
Agente 11: [0, 1, 1, 2, 2, 3, 5, 6, 7, 8, 6, 10, 11, 0, 11, 13, 13, 13] (avg cost = 6.22)

Agente peggiore: 1 (costo medio = 9.10)

=== Dopo Ricerca Locale ===
Agente 0: [0, 0, 1, 1, 2, 3, 4, 5, 6, 6, 5, 9, 10, 11, 12, 12, 13] (avg cost = 5.88)
Agente 1: [0, 1, 1, 1, 1, 3, 4, 5, 6, 7, 7, 8, 10, 11, 11, 12, 13, 13, 13, 11, 13, 13, 13, 14, 14, 14, 15, 15, 15] (avg cost = 9.10)
Agente 2: [0, 1, 1, 1, 2, 3, 4, 5, 6, 7, 8, 9] (avg cost = 3.92)
Agente 3: [0, 1, 1, 1, 2, 3, 4, 5, 6, 7, 8, 9, 11, 11, 11, 13, 13, 13, 13, 13, 13, 13, 13, 13, 14, 14, 15] (avg cost = 8.89)
Agente 4: [0, 0, 1, 2, 2, 3, 4, 3, 6, 7, 8, 10, 10] (avg cost = 4.31)
Agente 5: [0, 1, 1, 2, 2, 3, 4, 5, 6, 7, 9, 10, 11, 11, 12, 12, 11, 11, 13, 13, 13, 13, 14, 14] (avg cost = 8.25)
Agente 6: [0, 1, 1, 1, 2, 3, 4, 6, 6, 8, 9, 10] (avg cost = 4.25)
Agente 7: [0, 1, 1, 2, 2, 3, 5, 5, 7, 7, 8, 10] (avg cost = 4.25)
Agente 8: [1, 1, 1, 2, 2, 3, 5, 3, 0, 8, 9, 10, 10] (avg cost = 4.23)
Agente 9: [1, 1, 1, 2, 1, 3, 4, 6, 7, 8, 9] (avg cost = 3.91)
Agente 10: [1, 1, 1, 2, 2, 4, 4, 5, 7, 8, 8, 10, 11, 11, 12, 13, 13, 13, 13, 13, 13] (avg cost = 7.86)
Agente 11: [0, 1, 1, 2, 2, 3, 5, 6, 7, 8, 6, 10, 11, 0, 11, 13, 13, 13] (avg cost = 6.22)

Agente peggiore dopo local search: 1 (costo medio = 9.10)

Coincidenza allocazione Greedy / Locale?  Sì