 Istanza: MLE_8
- Agenti: 13
- Slot: 19

=== Soluzione Greedy ===
Agente 0: [0, 1, 1, 2, 2, 3, 4, 5, 6, 6, 7, 6, 9, 10, 10, 10, 12, 13, 13, 14, 15, 16, 17, 17, 17] (avg cost = 8.64)
Agente 1: [0, 1, 1, 0, 2, 3, 4, 6, 6, 6, 4, 8, 7, 10, 10, 11, 12, 12, 14, 15, 9, 13, 14, 17, 10, 17, 17, 17] (avg cost = 8.79)
Agente 2: [0, 1, 1, 1, 2, 3, 4, 6, 6, 6, 8, 8, 9, 10, 8, 11, 12, 13, 14, 15, 15, 16, 17, 17, 17, 17] (avg cost = 9.12)
Agente 3: [0, 0, 1, 2, 3, 3, 5, 6, 6, 6, 2, 8, 8, 10] (avg cost = 4.29)
Agente 4: [0, 1, 1, 1, 2, 4, 5, 6, 5, 6, 7, 8, 9, 10, 10] (avg cost = 5.00)
Agente 5: [0, 0, 1, 2, 3, 0, 5, 6, 6, 4] (avg cost = 2.70)
Agente 6: [0, 1, 1, 2, 3, 4, 5, 3, 1, 6, 6, 9, 10, 10, 11, 11, 12, 12, 13, 15, 16, 16, 17, 17, 17, 17, 17, 5] (avg cost = 9.18)
Agente 7: [0, 1, 1, 2, 3, 4, 5, 5, 6, 7] (avg cost = 3.40)
Agente 8: [0, 1, 1, 2, 3, 3, 5, 6, 6, 7, 8, 9, 10, 10, 8, 11, 12, 12] (avg cost = 6.33)
Agente 9: [1, 1, 1, 2, 3, 4, 2, 6, 6, 7, 8, 9, 10, 10, 11, 9, 11, 12, 12, 15, 16, 16, 17, 17] (avg cost = 8.58)
Agente 10: [0, 1, 1, 1, 3, 4, 5, 6, 6, 7, 8, 9, 10, 10, 9, 9, 9, 13, 14, 13] (avg cost = 6.90)
Agente 11: [1, 1, 1, 2, 3, 4, 5, 6, 6, 7, 8, 9, 10, 10, 10, 12, 11, 13, 14, 15, 16, 16, 17, 17, 17, 17, 17, 18, 18, 17] (avg cost = 10.60)
Agente 12: [0, 1, 1, 2, 3, 4, 5, 6, 6, 7, 8, 9] (avg cost = 4.33)

Agente peggiore: 11 (costo medio = 10.60)

=== Dopo Ricerca Locale ===
Agente 0: [0, 1, 1, 2, 2, 3, 4, 5, 6, 6, 7, 6, 9, 10, 10, 10, 12, 13, 13, 14, 15, 16, 17, 17, 17] (avg cost = 8.64)
Agente 1: [0, 1, 1, 0, 2, 3, 4, 6, 6, 6, 4, 8, 7, 10, 10, 11, 12, 12, 14, 15, 9, 13, 14, 17, 10, 17, 17, 17] (avg cost = 8.79)
Agente 2: [0, 1, 1, 1, 2, 3, 4, 6, 6, 6, 8, 8, 9, 10, 8, 11, 12, 13, 14, 15, 15, 16, 17, 17, 17, 17] (avg cost = 9.12)
Agente 3: [0, 0, 1, 2, 3, 3, 5, 6, 6, 6, 2, 8, 8, 10] (avg cost = 4.29)
Agente 4: [0, 1, 1, 1, 2, 4, 5, 6, 5, 6, 7, 8, 9, 10, 10] (avg cost = 5.00)
Agente 5: [0, 0, 1, 2, 3, 0, 5, 6, 6, 4] (avg cost = 2.70)
Agente 6: [0, 1, 1, 2, 3, 4, 5, 3, 1, 6, 6, 9, 10, 10, 11, 11, 12, 12, 13, 15, 16, 16, 17, 17, 17, 17, 17, 5] (avg cost = 9.18)
Agente 7: [0, 1, 1, 2, 3, 4, 5, 5, 6, 7] (avg cost = 3.40)
Agente 8: [0, 1, 1, 2, 3, 3, 5, 6, 6, 7, 8, 9, 10, 10, 8, 11, 12, 12] (avg cost = 6.33)
Agente 9: [1, 1, 1, 2, 3, 4, 2, 6, 6, 7, 8, 9, 10, 10, 11, 9, 11, 12, 12, 15, 16, 16, 17, 17] (avg cost = 8.58)
Agente 10: [0, 1, 1, 1, 3, 4, 5, 6, 6, 7, 8, 9, 10, 10, 9, 9, 9, 13, 14, 13] (avg cost = 6.90)
Agente 11: [1, 1, 1, 2, 3, 4, 5, 6, 6, 7, 8, 9, 10, 10, 10, 12, 11, 13, 14, 15, 16, 16, 17, 17, 17, 17, 17, 18, 18, 17] (avg cost = 10.60)
Agente 12: [0, 1, 1, 2, 3, 4, 5, 6, 6, 7, 8, 9] (avg cost = 4.33)

Agente peggiore dopo local search: 11 (costo medio = 10.60)

Coincidenza allocazione Greedy / Locale?  Sì