 Istanza: MLE_2
- Agenti: 10
- Slot: 16

=== Soluzione Greedy ===
Agente 0: [0, 1, 1, 0, 3, 4, 4, 5, 6, 7, 8, 8, 9, 10, 11, 11, 12, 12, 13, 13] (avg cost = 6.90)
Agente 1: [0, 1, 2, 3, 3, 4, 5, 5, 5, 7, 8, 1, 9] (avg cost = 4.08)
Agente 2: [0, 1, 2, 3, 3, 4, 5, 5, 6, 7, 5] (avg cost = 3.73)
Agente 3: [0, 2, 2, 3, 3, 2, 5, 5, 6, 7, 6, 8, 9, 10, 11, 11] (avg cost = 5.62)
Agente 4: [1, 2, 2, 3, 3, 4, 5, 5, 4, 0, 8, 8, 9, 10, 11, 11, 12, 6] (avg cost = 5.78)
Agente 5: [1, 2, 3, 3, 4, 3, 1, 5, 6, 7, 8, 8, 9, 10, 11, 12, 5, 8, 13] (avg cost = 6.26)
Agente 6: [1, 0, 3, 3, 4, 5, 5, 5, 6, 6, 3, 8, 9, 10, 11, 11] (avg cost = 5.62)
Agente 7: [1, 2, 3, 3, 4, 5, 5, 5, 6, 7, 8, 8, 10, 10, 3, 7, 11, 12, 13, 14, 14, 14, 14, 14, 14, 14, 14, 14, 14, 15] (avg cost = 9.27)
Agente 8: [1, 0, 3, 3, 4, 5, 5, 5, 6, 8, 8] (avg cost = 4.36)
Agente 9: [0, 2, 3, 3, 4, 5, 5, 6, 7, 8, 8, 8, 9, 11, 11, 12, 12, 13, 13, 14, 14, 14, 14, 14, 14, 14, 14, 14, 14, 15] (avg cost = 9.83)

Agente peggiore: 9 (costo medio = 9.83)

=== Dopo Ricerca Locale ===
Agente 0: [0, 1, 1, 0, 3, 4, 4, 5, 6, 7, 8, 8, 9, 10, 11, 11, 12, 12, 13, 13] (avg cost = 6.90)
Agente 1: [0, 1, 2, 3, 3, 4, 5, 5, 5, 7, 8, 1, 9] (avg cost = 4.08)
Agente 2: [0, 1, 2, 3, 3, 4, 5, 5, 6, 7, 5] (avg cost = 3.73)
Agente 3: [0, 2, 2, 3, 3, 2, 5, 5, 6, 7, 6, 8, 9, 10, 11, 11] (avg cost = 5.62)
Agente 4: [1, 2, 2, 3, 3, 4, 5, 5, 4, 0, 8, 8, 9, 10, 11, 11, 12, 6] (avg cost = 5.78)
Agente 5: [1, 2, 3, 3, 4, 3, 1, 5, 6, 7, 8, 8, 9, 10, 11, 12, 5, 8, 13] (avg cost = 6.26)
Agente 6: [1, 0, 3, 3, 4, 5, 5, 5, 6, 6, 3, 8, 9, 10, 11, 11] (avg cost = 5.62)
Agente 7: [1, 2, 3, 3, 4, 5, 5, 5, 6, 7, 8, 8, 10, 10, 3, 7, 11, 12, 13, 14, 14, 14, 14, 14, 14, 14, 14, 14, 14, 15] (avg cost = 9.27)
Agente 8: [1, 0, 3, 3, 4, 5, 5, 5, 6, 8, 8] (avg cost = 4.36)
Agente 9: [0, 2, 3, 3, 4, 5, 5, 6, 7, 8, 8, 8, 9, 11, 11, 12, 12, 13, 13, 14, 14, 14, 14, 14, 14, 14, 14, 14, 14, 15] (avg cost = 9.83)

Agente peggiore dopo local search: 9 (costo medio = 9.83)

Coincidenza allocazione Greedy / Locale?  Sì