 Istanza: MMLE_5
- Agenti: 50
- Slot: 50

=== Soluzione Greedy ===
Agente 0: [0, 0, 4, 6, 7, 7, 7, 10, 13, 16, 19, 21, 23, 27, 29, 32] (avg cost = 13.81)
Agente 1: [0, 2, 4, 7, 7, 7, 7, 10, 13, 16, 19, 22, 24, 27, 30, 32] (avg cost = 14.19)
Agente 2: [0, 1, 4, 7, 7, 7, 7, 10, 13, 16, 19, 22, 24, 27, 30, 32, 34, 3, 38, 41] (avg cost = 17.10)
Agente 3: [0, 1, 5, 7, 7, 7, 8, 10, 13, 16, 19, 21, 24, 27, 30, 32, 34, 36, 37, 41, 43, 43, 43, 43, 43, 44, 46, 38] (avg cost = 25.64)
Agente 4: [0, 2, 5, 7, 7, 7, 8, 11, 13, 16, 19, 21, 24, 27, 30, 32, 34, 34, 39, 41] (avg cost = 18.85)
Agente 5: [0, 2, 1, 7, 7, 7, 8, 10, 13, 16, 19, 22, 24, 27, 30, 32] (avg cost = 14.06)
Agente 6: [0, 2, 3, 7, 7, 7, 7, 10, 13, 17, 19, 22, 24, 27, 20, 32, 34, 36, 39] (avg cost = 17.16)
Agente 7: [0, 2, 4, 7, 7, 7, 8, 11, 13, 16, 19, 22, 24, 27] (avg cost = 11.93)
Agente 8: [0, 2, 5, 7, 7, 7, 8, 11, 14, 17, 19, 22, 25, 27, 30, 32, 34, 36, 39] (avg cost = 18.00)
Agente 9: [0, 2, 5, 7, 7, 7, 8, 11, 14, 12, 17, 22, 24, 27, 30, 33, 34, 37, 39, 41, 43, 43, 43, 43, 43, 45, 46, 47] (avg cost = 26.07)
Agente 10: [0, 2, 4, 7, 7, 7, 8, 11, 13, 17, 19, 22, 24, 27, 30, 33, 34, 6, 39, 41, 43, 43, 43, 43, 43, 45] (avg cost = 23.50)
Agente 11: [0, 2, 5, 7, 7, 7, 8, 11, 14, 17] (avg cost = 7.80)
Agente 12: [0, 2, 5, 7, 7, 7, 8, 11, 10, 17, 19, 22, 25, 27, 30, 33, 34] (avg cost = 15.53)
Agente 13: [0, 2, 5, 7, 7, 7, 8, 11, 14, 17, 19, 22, 25, 27, 30, 33, 34, 37, 39, 42, 43, 43, 43, 43, 43, 45, 46, 47] (avg cost = 26.39)
Agente 14: [0, 2, 5, 7, 7, 7, 8, 8, 14, 17, 20, 22, 25, 28, 30, 33, 34, 37, 39, 42, 42, 43, 43, 43, 43] (avg cost = 23.96)
Agente 15: [0, 2, 5, 7, 7, 7, 8, 11, 14, 17, 20, 22, 25, 27, 30, 27, 35, 37, 24, 42] (avg cost = 18.35)
Agente 16: [0, 2, 3, 7, 7, 0, 8, 11, 14, 17, 20, 22] (avg cost = 9.25)
Agente 17: [0, 2, 5, 0, 7, 7, 8, 11, 14, 15, 19, 22, 25, 28, 31, 32, 34, 37, 38, 42, 43, 43, 43, 43, 43, 45] (avg cost = 24.50)
Agente 18: [0, 2, 5, 7, 7, 7, 8, 11, 14, 17, 20, 22, 25, 27, 31, 33, 35, 37, 39, 41, 39, 43, 43, 43, 44] (avg cost = 24.00)
Agente 19: [0, 2, 5, 7, 7, 2, 8, 11, 14, 15, 20, 23, 25, 28, 31, 33] (avg cost = 14.44)
Agente 20: [0, 2, 5, 7, 7, 7, 8, 11, 14, 17, 20, 16, 25, 28, 31] (avg cost = 13.20)
Agente 21: [0, 2, 5, 7, 7, 7, 8, 11, 14, 15, 18, 22, 25, 27, 31, 33, 35, 37, 40, 26, 41, 36, 43, 43, 44, 45, 46] (avg cost = 24.74)
Agente 22: [0, 2, 5, 7, 7, 7, 8, 12, 14, 17, 20, 23, 25, 28, 31, 33, 35, 37, 40, 42, 43, 43, 43, 43, 44, 45, 46, 47, 48] (avg cost = 27.41)
Agente 23: [0, 2, 5, 7, 7, 3, 9, 12, 14, 16, 20, 23, 25, 28, 31, 33, 35] (avg cost = 15.88)
Agente 24: [0, 3, 5, 7, 7, 7, 9, 9, 15, 17, 20, 22, 25, 28, 31, 33, 35, 37, 40, 42, 43, 43, 43, 43, 44, 45, 45, 47, 47] (avg cost = 27.31)
Agente 25: [0, 3, 5, 7, 7, 7, 9, 11, 14, 17, 20, 23, 25, 28, 31, 33, 35, 37, 39, 42, 43, 43, 43, 43, 43] (avg cost = 24.32)
Agente 26: [0, 3, 6, 7, 7, 7, 9, 12, 14, 17, 20, 23, 25, 28, 31, 33, 35, 37, 40, 42] (avg cost = 19.80)
Agente 27: [0, 3, 5, 7, 7, 7, 9, 12, 15, 17, 20, 23, 25, 28, 31, 34] (avg cost = 15.19)
Agente 28: [0, 3, 6, 7, 5, 7, 8, 8, 14, 18, 20, 23, 26, 28, 31, 34, 35, 38, 40, 42, 43, 43, 43, 43, 44, 45, 47, 47] (avg cost = 26.71)
Agente 29: [0, 3, 6, 7, 7, 7, 7, 12, 15, 18] (avg cost = 8.20)
Agente 30: [0, 3, 6, 7, 7, 7, 9, 12, 14, 18, 20] (avg cost = 9.36)
Agente 31: [0, 3, 4, 7, 7, 7, 9, 12, 15, 18, 20, 23, 26, 29, 31, 34, 35] (avg cost = 16.47)
Agente 32: [0, 3, 6, 7, 7, 7, 8, 12, 15, 18, 21, 23, 26, 28, 31, 34, 35, 36, 40, 42, 43, 43, 43] (avg cost = 22.96)
Agente 33: [1, 3, 6, 7, 7, 7, 9, 12, 15, 18, 20, 23, 26, 17, 31, 34, 35, 38, 25, 42] (avg cost = 18.80)
Agente 34: [1, 3, 6, 7, 7, 7, 9, 11, 15, 18] (avg cost = 8.40)
Agente 35: [0, 3, 6, 7, 7, 7, 9, 12, 15, 18, 21, 23, 26, 29, 31, 34, 35, 38, 40, 43, 43, 43] (avg cost = 22.27)
Agente 36: [1, 3, 6, 7, 7, 7, 9, 12, 15, 18, 21, 23, 26, 28] (avg cost = 13.07)
Agente 37: [1, 3, 6, 7, 7, 7, 9, 12, 15, 18, 20, 23, 26, 29, 29, 34, 2, 38, 40, 42, 43, 43, 43, 43] (avg cost = 22.50)
Agente 38: [1, 4, 6, 7, 7, 7, 9, 12, 15, 18, 21, 23, 26, 29, 31, 34, 35, 38] (avg cost = 17.94)
Agente 39: [1, 4, 6, 7, 7, 7, 10, 9, 15, 18, 21, 23] (avg cost = 10.67)
Agente 40: [1, 3, 6, 7, 7, 7, 10, 13, 14, 18, 21, 24, 25, 29, 31, 31, 36, 38, 40, 43, 43, 43, 43] (avg cost = 23.17)
Agente 41: [0, 4, 6, 7, 7, 7, 10, 12, 15, 18, 21, 23, 25, 29, 32, 34, 36, 38, 40, 43, 35, 43, 43, 43, 44] (avg cost = 24.60)
Agente 42: [1, 4, 6, 7, 7, 7, 9, 13, 16, 18, 21, 23, 26, 29, 31, 33, 36, 38, 41, 43, 43, 43] (avg cost = 22.50)
Agente 43: [1, 4, 6, 0, 7, 7, 10, 12, 15, 19, 21, 24, 26, 29, 32, 21, 36, 38, 41, 43, 43, 43, 43] (avg cost = 22.65)
Agente 44: [1, 4, 6, 7, 7, 7, 10, 13, 16, 19, 21, 24, 26, 29, 31, 34, 36, 38, 41, 43, 42, 43, 43, 43, 44, 46, 45, 47] (avg cost = 27.36)
Agente 45: [1, 4, 6, 7, 7, 7, 10, 13, 16, 1, 21, 24, 26] (avg cost = 11.00)
Agente 46: [1, 4, 6, 7, 0, 7, 10, 13, 16, 19, 21, 24, 26, 29, 32, 33, 35, 38, 41, 43, 43, 43, 43, 43, 44, 46, 30, 47] (avg cost = 26.57)
Agente 47: [1, 4, 6, 7, 7, 7, 10, 13, 16, 19, 21, 24, 26, 29, 32, 34, 36, 39, 40, 43, 43, 43, 43, 43, 44, 46, 46, 47, 47] (avg cost = 28.14)
Agente 48: [1, 4, 6, 7, 7, 7, 10, 13, 15, 17] (avg cost = 8.70)
Agente 49: [1, 4, 7, 7, 7, 7, 10, 13, 16, 19, 21, 24, 27, 29, 32, 34, 36, 39, 41, 43, 43, 43, 43, 43, 44, 45, 46] (avg cost = 26.81)

Agente peggiore: 47 (costo medio = 28.14)

=== Dopo Ricerca Locale ===
Agente 0: [0, 0, 4, 6, 7, 7, 7, 10, 13, 16, 19, 21, 23, 27, 29, 32] (avg cost = 13.81)
Agente 1: [0, 2, 4, 7, 7, 7, 7, 10, 13, 16, 19, 22, 24, 27, 30, 32] (avg cost = 14.19)
Agente 2: [0, 1, 4, 7, 7, 7, 7, 10, 13, 16, 19, 22, 24, 27, 30, 32, 34, 3, 38, 41] (avg cost = 17.10)
Agente 3: [0, 1, 5, 7, 7, 7, 8, 10, 13, 16, 19, 21, 24, 27, 30, 32, 34, 36, 37, 41, 43, 43, 43, 43, 43, 44, 46, 38] (avg cost = 25.64)
Agente 4: [0, 2, 5, 7, 7, 7, 8, 11, 13, 16, 19, 21, 24, 27, 30, 32, 34, 34, 39, 41] (avg cost = 18.85)
Agente 5: [0, 2, 1, 7, 7, 7, 8, 10, 13, 16, 19, 22, 24, 27, 30, 32] (avg cost = 14.06)
Agente 6: [0, 2, 3, 7, 7, 7, 7, 10, 13, 17, 19, 22, 24, 27, 20, 32, 34, 36, 39] (avg cost = 17.16)
Agente 7: [0, 2, 4, 7, 7, 7, 8, 11, 13, 16, 19, 22, 24, 27] (avg cost = 11.93)
Agente 8: [0, 2, 5, 7, 7, 7, 8, 11, 14, 17, 19, 22, 25, 27, 30, 32, 34, 36, 39] (avg cost = 18.00)
Agente 9: [0, 2, 5, 7, 7, 7, 8, 11, 14, 12, 17, 22, 24, 27, 30, 33, 34, 37, 39, 41, 43, 43, 43, 43, 43, 45, 46, 47] (avg cost = 26.07)
Agente 10: [0, 2, 4, 7, 7, 7, 8, 11, 13, 17, 19, 22, 24, 27, 30, 33, 34, 6, 39, 41, 43, 43, 43, 43, 43, 45] (avg cost = 23.50)
Agente 11: [0, 2, 5, 7, 7, 7, 8, 11, 14, 17] (avg cost = 7.80)
Agente 12: [0, 2, 5, 7, 7, 7, 8, 11, 10, 17, 19, 22, 25, 27, 30, 33, 34] (avg cost = 15.53)
Agente 13: [0, 2, 5, 7, 7, 7, 8, 11, 14, 17, 19, 22, 25, 27, 30, 33, 34, 37, 39, 42, 43, 43, 43, 43, 43, 45, 46, 47] (avg cost = 26.39)
Agente 14: [0, 2, 5, 7, 7, 7, 8, 8, 14, 17, 20, 22, 25, 28, 30, 33, 34, 37, 39, 42, 42, 43, 43, 43, 43] (avg cost = 23.96)
Agente 15: [0, 2, 5, 7, 7, 7, 8, 11, 14, 17, 20, 22, 25, 27, 30, 27, 35, 37, 24, 42] (avg cost = 18.35)
Agente 16: [0, 2, 3, 7, 7, 0, 8, 11, 14, 17, 20, 22] (avg cost = 9.25)
Agente 17: [0, 2, 5, 0, 7, 7, 8, 11, 14, 15, 19, 22, 25, 28, 31, 32, 34, 37, 38, 42, 43, 43, 43, 43, 43, 45] (avg cost = 24.50)
Agente 18: [0, 2, 5, 7, 7, 7, 8, 11, 14, 17, 20, 22, 25, 27, 31, 33, 35, 37, 39, 41, 39, 43, 43, 43, 44] (avg cost = 24.00)
Agente 19: [0, 2, 5, 7, 7, 2, 8, 11, 14, 15, 20, 23, 25, 28, 31, 33] (avg cost = 14.44)
Agente 20: [0, 2, 5, 7, 7, 7, 8, 11, 14, 17, 20, 16, 25, 28, 31] (avg cost = 13.20)
Agente 21: [0, 2, 5, 7, 7, 7, 8, 11, 14, 15, 18, 22, 25, 27, 31, 33, 35, 37, 40, 26, 41, 36, 43, 43, 44, 45, 46] (avg cost = 24.74)
Agente 22: [0, 2, 5, 7, 7, 7, 8, 12, 14, 17, 20, 23, 25, 28, 31, 33, 35, 37, 40, 42, 43, 43, 43, 43, 44, 45, 46, 47, 48] (avg cost = 27.41)
Agente 23: [0, 2, 5, 7, 7, 3, 9, 12, 14, 16, 20, 23, 25, 28, 31, 33, 35] (avg cost = 15.88)
Agente 24: [0, 3, 5, 7, 7, 7, 9, 9, 15, 17, 20, 22, 25, 28, 31, 33, 35, 37, 40, 42, 43, 43, 43, 43, 44, 45, 45, 47, 47] (avg cost = 27.31)
Agente 25: [0, 3, 5, 7, 7, 7, 9, 11, 14, 17, 20, 23, 25, 28, 31, 33, 35, 37, 39, 42, 43, 43, 43, 43, 43] (avg cost = 24.32)
Agente 26: [0, 3, 6, 7, 7, 7, 9, 12, 14, 17, 20, 23, 25, 28, 31, 33, 35, 37, 40, 42] (avg cost = 19.80)
Agente 27: [0, 3, 5, 7, 7, 7, 9, 12, 15, 17, 20, 23, 25, 28, 31, 34] (avg cost = 15.19)
Agente 28: [0, 3, 6, 7, 5, 7, 8, 8, 14, 18, 20, 23, 26, 28, 31, 34, 35, 38, 40, 42, 43, 43, 43, 43, 44, 45, 47, 47] (avg cost = 26.71)
Agente 29: [0, 3, 6, 7, 7, 7, 7, 12, 15, 18] (avg cost = 8.20)
Agente 30: [0, 3, 6, 7, 7, 7, 9, 12, 14, 18, 20] (avg cost = 9.36)
Agente 31: [0, 3, 4, 7, 7, 7, 9, 12, 15, 18, 20, 23, 26, 29, 31, 34, 35] (avg cost = 16.47)
Agente 32: [0, 3, 6, 7, 7, 7, 8, 12, 15, 18, 21, 23, 26, 28, 31, 34, 35, 36, 40, 42, 43, 43, 43] (avg cost = 22.96)
Agente 33: [1, 3, 6, 7, 7, 7, 9, 12, 15, 18, 20, 23, 26, 17, 31, 34, 35, 38, 25, 42] (avg cost = 18.80)
Agente 34: [1, 3, 6, 7, 7, 7, 9, 11, 15, 18] (avg cost = 8.40)
Agente 35: [0, 3, 6, 7, 7, 7, 9, 12, 15, 18, 21, 23, 26, 29, 31, 34, 35, 38, 40, 43, 43, 43] (avg cost = 22.27)
Agente 36: [1, 3, 6, 7, 7, 7, 9, 12, 15, 18, 21, 23, 26, 28] (avg cost = 13.07)
Agente 37: [1, 3, 6, 7, 7, 7, 9, 12, 15, 18, 20, 23, 26, 29, 29, 34, 2, 38, 40, 42, 43, 43, 43, 43] (avg cost = 22.50)
Agente 38: [1, 4, 6, 7, 7, 7, 9, 12, 15, 18, 21, 23, 26, 29, 31, 34, 35, 38] (avg cost = 17.94)
Agente 39: [1, 4, 6, 7, 7, 7, 10, 9, 15, 18, 21, 23] (avg cost = 10.67)
Agente 40: [1, 3, 6, 7, 7, 7, 10, 13, 14, 18, 21, 24, 25, 29, 31, 31, 36, 38, 40, 43, 43, 43, 43] (avg cost = 23.17)
Agente 41: [0, 4, 6, 7, 7, 7, 10, 12, 15, 18, 21, 23, 25, 29, 32, 34, 36, 38, 40, 43, 35, 43, 43, 43, 44] (avg cost = 24.60)
Agente 42: [1, 4, 6, 7, 7, 7, 9, 13, 16, 18, 21, 23, 26, 29, 31, 33, 36, 38, 41, 43, 43, 43] (avg cost = 22.50)
Agente 43: [1, 4, 6, 0, 7, 7, 10, 12, 15, 19, 21, 24, 26, 29, 32, 21, 36, 38, 41, 43, 43, 43, 43] (avg cost = 22.65)
Agente 44: [1, 4, 6, 7, 7, 7, 10, 13, 16, 19, 21, 24, 26, 29, 31, 34, 36, 38, 41, 43, 42, 43, 43, 43, 44, 46, 45, 47] (avg cost = 27.36)
Agente 45: [1, 4, 6, 7, 7, 7, 10, 13, 16, 1, 21, 24, 26] (avg cost = 11.00)
Agente 46: [1, 4, 6, 7, 0, 7, 10, 13, 16, 19, 21, 24, 26, 29, 32, 33, 35, 38, 41, 43, 43, 43, 43, 43, 44, 46, 30, 47] (avg cost = 26.57)
Agente 47: [1, 4, 6, 7, 7, 7, 10, 13, 16, 19, 21, 24, 26, 29, 32, 34, 36, 39, 40, 43, 43, 43, 43, 43, 44, 46, 46, 47, 47] (avg cost = 28.14)
Agente 48: [1, 4, 6, 7, 7, 7, 10, 13, 15, 17] (avg cost = 8.70)
Agente 49: [1, 4, 7, 7, 7, 7, 10, 13, 16, 19, 21, 24, 27, 29, 32, 34, 36, 39, 41, 43, 43, 43, 43, 43, 44, 45, 46] (avg cost = 26.81)

Agente peggiore dopo local search: 47 (costo medio = 28.14)

Coincidenza allocazione Greedy / Locale?  Sì