 Istanza: MMLE_10
- Agenti: 50
- Slot: 50

=== Soluzione Greedy ===
Agente 0: [0, 0, 2, 4, 6, 6, 9, 12, 13, 16, 18, 19, 20, 20, 22, 25, 27, 29, 32, 34, 36, 36, 37, 27, 38, 43] (avg cost = 20.42)
Agente 1: [0, 0, 2, 2, 6, 6, 9, 12, 13, 16, 19] (avg cost = 7.73)
Agente 2: [0, 0, 2, 4, 6, 6, 9, 12, 13, 16, 19, 19, 13, 20, 22, 25, 27, 30, 31, 34, 36, 36, 37, 39, 41, 43, 44, 40] (avg cost = 22.29)
Agente 3: [0, 0, 2, 4, 6, 7, 9, 12, 13, 16, 19, 19, 20, 20, 22, 25, 20, 30, 32, 35, 33, 36, 34, 40] (avg cost = 18.92)
Agente 4: [0, 0, 2, 1, 6, 7, 9, 12, 13, 16, 19, 19, 20, 20, 22] (avg cost = 11.07)
Agente 5: [0, 0, 2, 4, 6, 7, 9, 12, 13, 16, 19, 19, 6, 20, 23, 25, 20, 30] (avg cost = 12.83)
Agente 6: [0, 0, 2, 4, 6, 7, 9, 12, 13, 16, 19, 19, 20] (avg cost = 9.77)
Agente 7: [0, 0, 1, 5, 6, 7, 9, 12, 14, 16, 19, 19, 20, 20, 23, 25, 27, 30, 32] (avg cost = 15.00)
Agente 8: [0, 0, 2, 5, 6, 6, 6, 12, 14, 16, 19, 19, 20, 20, 22, 25, 27, 30, 31, 33, 36, 36, 38, 40, 42, 43, 45] (avg cost = 21.96)
Agente 9: [0, 0, 2, 5, 6, 7, 9, 12, 13, 16, 19, 19, 19, 20, 23, 25, 27] (avg cost = 13.06)
Agente 10: [0, 0, 2, 5, 6, 7, 9, 12, 13, 16, 19, 19, 20, 20, 23, 23, 27, 30, 32, 34, 36, 36, 38, 40, 41, 44, 45, 46] (avg cost = 22.96)
Agente 11: [0, 0, 2, 5, 6, 7, 9, 12, 14, 16, 19, 19, 20] (avg cost = 9.92)
Agente 12: [0, 0, 2, 5, 6, 7, 10, 12, 14, 17, 19, 19, 20, 20, 23, 25, 28, 28, 32, 35, 36, 36, 38, 40, 42, 44, 45, 46, 47] (avg cost = 24.00)
Agente 13: [0, 0, 3, 5, 6, 7, 10, 12, 14, 16, 19, 19, 20, 20, 23, 25, 28, 30, 32, 35, 36, 36, 38] (avg cost = 18.87)
Agente 14: [0, 0, 3, 5, 6, 7, 9, 12, 14, 17, 4, 19] (avg cost = 8.00)
Agente 15: [0, 0, 3, 5, 6, 7, 10, 12, 14, 17, 19, 19, 20] (avg cost = 10.15)
Agente 16: [0, 0, 3, 5, 6, 7, 10, 12, 14, 17, 19, 19, 20, 9, 23, 26, 26, 29, 32, 33, 36, 36, 36, 40, 42] (avg cost = 20.00)
Agente 17: [0, 0, 2, 2, 6, 7, 10, 12, 14, 17, 19, 19, 20, 21, 23, 25, 27, 30, 24, 35, 36] (avg cost = 16.62)
Agente 18: [0, 0, 3, 5, 6, 8, 10, 12, 14, 17] (avg cost = 7.50)
Agente 19: [0, 1, 2, 5, 6, 8, 10, 12, 14, 16, 19, 19, 20, 20, 23, 26] (avg cost = 12.56)
Agente 20: [0, 0, 3, 5, 6, 8, 9, 12, 14, 14, 19, 19, 20, 21, 22, 26, 28, 30, 32, 35, 36, 36, 38, 40, 37, 44, 45, 24, 47, 44] (avg cost = 23.80)
Agente 21: [0, 1, 3, 4, 6, 8, 10, 12, 14, 17, 19, 19, 20, 21, 21, 26, 28, 30, 32, 35] (avg cost = 16.30)
Agente 22: [0, 1, 3, 5, 6, 7, 10, 12, 14, 17, 15, 19, 20, 21, 23, 26, 28, 30, 33, 35] (avg cost = 16.25)
Agente 23: [0, 0, 3, 5, 6, 8, 10, 12, 14, 17, 19, 19, 20, 20, 23, 26, 28, 25, 33, 35, 36, 36, 38, 40, 42, 44, 45, 46] (avg cost = 23.21)
Agente 24: [0, 1, 3, 5, 6, 8, 10, 12, 14, 17, 19, 19, 20, 21, 24, 25, 27, 30, 33] (avg cost = 15.47)
Agente 25: [0, 1, 3, 5, 6, 8, 10, 12, 14, 17, 19, 19, 20, 21, 24, 26, 28, 27, 32, 35, 36, 36, 38, 40, 42] (avg cost = 20.76)
Agente 26: [0, 1, 3, 4, 6, 8, 10, 12, 14, 17, 19, 19, 7, 21, 23, 25, 28, 30, 33, 35, 36, 36, 38, 40, 42, 44, 45, 42, 47, 47] (avg cost = 24.40)
Agente 27: [0, 1, 3, 5, 6, 2, 10, 7, 14, 17, 16, 19, 20, 21, 24, 25, 28, 30, 32, 35, 36, 36, 39, 40, 42, 29, 45, 46, 47, 47] (avg cost = 24.07)
Agente 28: [0, 1, 3, 5, 6, 8, 10, 12, 15, 17, 19, 20, 20, 21, 23, 26, 21, 31, 33, 35, 36, 36, 39, 40, 42, 44, 45] (avg cost = 22.52)
Agente 29: [0, 1, 3, 5, 6, 8, 11, 12, 14, 18, 19, 19, 20, 21, 24, 26, 28, 31, 33, 35, 36, 36, 36, 41, 42] (avg cost = 21.00)
Agente 30: [0, 1, 3, 5, 6, 8, 10, 12, 15, 17, 19, 19] (avg cost = 9.58)
Agente 31: [0, 1, 3, 6, 6, 8, 11, 12, 15, 16, 19, 20, 20, 21, 24] (avg cost = 12.13)
Agente 32: [0, 1, 4, 6, 6, 8, 10, 8, 15, 18, 19, 19, 20, 21, 24] (avg cost = 11.93)
Agente 33: [0, 1, 3, 6, 6, 8, 11, 12, 15, 18, 19, 20, 20, 21, 24, 26, 29, 31, 33, 29, 36, 36, 38, 41, 43] (avg cost = 21.04)
Agente 34: [0, 1, 4, 6, 6, 8, 11, 12, 15, 18, 19, 20] (avg cost = 10.00)
Agente 35: [0, 1, 4, 6, 6, 8, 10, 12, 15, 18, 19, 20, 20, 21, 24, 25, 28, 31, 33, 35, 36, 36, 37, 41, 43, 44, 45] (avg cost = 22.89)
Agente 36: [0, 1, 0, 6, 6, 8, 11, 12, 10, 18, 19, 20, 20, 22, 24, 26, 29, 30, 32, 35, 36, 37, 39, 41, 43, 39, 46, 45, 39, 48] (avg cost = 24.73)
Agente 37: [0, 1, 3, 6, 6, 8, 11, 12, 14, 18, 19, 20, 20, 22, 24, 19, 29, 31, 34, 35, 36, 36, 39] (avg cost = 19.26)
Agente 38: [0, 1, 4, 6, 6, 8, 10, 11, 15, 16, 19, 20, 20, 22, 22, 27, 28, 31, 34, 22, 36, 37, 39, 41, 43, 44, 46, 30, 34] (avg cost = 23.17)
Agente 39: [0, 2, 4, 6, 6, 9, 11, 12, 15, 18, 19, 20, 20, 22, 24, 26, 29, 30, 31, 35, 36, 37, 39, 41, 43, 44, 46, 32, 47, 46] (avg cost = 25.00)
Agente 40: [0, 2, 4, 5, 6, 9, 11, 13, 15, 18, 19, 20, 20, 22, 25, 26, 29, 31, 26, 36, 36, 37] (avg cost = 18.64)
Agente 41: [0, 1, 4, 6, 6, 9, 11, 12, 15, 15, 19, 20, 20, 22, 24, 27, 29, 31, 34, 36, 36] (avg cost = 17.95)
Agente 42: [0, 0, 4, 6, 6, 8, 11, 13, 15, 18, 19, 20, 20, 22, 25, 27, 29, 31, 34, 36, 36, 37, 39, 41, 43] (avg cost = 21.60)
Agente 43: [0, 2, 4, 6, 6, 9, 11, 13, 15, 18, 19, 20, 20, 22, 25, 27, 29, 31, 32, 35, 36, 37, 39] (avg cost = 19.83)
Agente 44: [0, 2, 3, 6, 6, 9, 3, 13, 15, 18, 19, 19, 20, 22, 25, 27, 29, 31, 34, 34, 36, 37, 39, 41, 43, 45] (avg cost = 22.15)
Agente 45: [0, 2, 4, 6, 5, 8, 11, 12, 15, 18, 19, 20, 20, 22, 25] (avg cost = 12.47)
Agente 46: [0, 1, 4, 6, 6, 9, 11, 13, 16, 18, 19, 20, 20, 22, 25, 27, 29, 31, 33, 36, 36, 37, 39, 41, 43, 44, 46, 46, 47] (avg cost = 25.00)
Agente 47: [0, 2, 4, 6, 6, 9, 11, 13, 14, 18, 19, 20, 20, 22, 25] (avg cost = 12.60)
Agente 48: [0, 2, 4, 6, 6, 9, 11, 13, 16, 19, 19, 20, 20] (avg cost = 11.15)
Agente 49: [0, 2, 4, 6, 6, 9, 11, 13, 16, 19, 19, 20, 20, 22, 25, 27, 29, 32, 34] (avg cost = 16.53)

Agente peggiore: 39 (costo medio = 25.00)

=== Dopo Ricerca Locale ===
Agente 0: [0, 0, 2, 4, 6, 6, 9, 12, 13, 16, 18, 19, 20, 20, 22, 25, 27, 29, 32, 34, 36, 36, 37, 27, 38, 43] (avg cost = 20.42)
Agente 1: [0, 0, 2, 2, 6, 6, 9, 12, 13, 16, 19] (avg cost = 7.73)
Agente 2: [0, 0, 2, 4, 6, 6, 9, 12, 13, 16, 19, 19, 13, 20, 22, 25, 27, 30, 31, 34, 36, 36, 37, 39, 41, 43, 44, 40] (avg cost = 22.29)
Agente 3: [0, 0, 2, 4, 6, 7, 9, 12, 13, 16, 19, 19, 20, 20, 22, 25, 20, 30, 32, 35, 33, 36, 34, 40] (avg cost = 18.92)
Agente 4: [0, 0, 2, 1, 6, 7, 9, 12, 13, 16, 19, 19, 20, 20, 22] (avg cost = 11.07)
Agente 5: [0, 0, 2, 4, 6, 7, 9, 12, 13, 16, 19, 19, 6, 20, 23, 25, 20, 30] (avg cost = 12.83)
Agente 6: [0, 0, 2, 4, 6, 7, 9, 12, 13, 16, 19, 19, 20] (avg cost = 9.77)
Agente 7: [0, 0, 1, 5, 6, 7, 9, 12, 14, 16, 19, 19, 20, 20, 23, 25, 27, 30, 32] (avg cost = 15.00)
Agente 8: [0, 0, 2, 5, 6, 6, 6, 12, 14, 16, 19, 19, 20, 20, 22, 25, 27, 30, 31, 33, 36, 36, 38, 40, 42, 43, 45] (avg cost = 21.96)
Agente 9: [0, 0, 2, 5, 6, 7, 9, 12, 13, 16, 19, 19, 19, 20, 23, 25, 27] (avg cost = 13.06)
Agente 10: [0, 0, 2, 5, 6, 7, 9, 12, 13, 16, 19, 19, 20, 20, 23, 23, 27, 30, 32, 34, 36, 36, 38, 40, 41, 44, 45, 46] (avg cost = 22.96)
Agente 11: [0, 0, 2, 5, 6, 7, 9, 12, 14, 16, 19, 19, 20] (avg cost = 9.92)
Agente 12: [0, 0, 2, 5, 6, 7, 10, 12, 14, 17, 19, 19, 20, 20, 23, 25, 28, 28, 32, 35, 36, 36, 38, 40, 42, 44, 45, 46, 47] (avg cost = 24.00)
Agente 13: [0, 0, 3, 5, 6, 7, 10, 12, 14, 16, 19, 19, 20, 20, 23, 25, 28, 30, 32, 35, 36, 36, 38] (avg cost = 18.87)
Agente 14: [0, 0, 3, 5, 6, 7, 9, 12, 14, 17, 4, 19] (avg cost = 8.00)
Agente 15: [0, 0, 3, 5, 6, 7, 10, 12, 14, 17, 19, 19, 20] (avg cost = 10.15)
Agente 16: [0, 0, 3, 5, 6, 7, 10, 12, 14, 17, 19, 19, 20, 9, 23, 26, 26, 29, 32, 33, 36, 36, 36, 40, 42] (avg cost = 20.00)
Agente 17: [0, 0, 2, 2, 6, 7, 10, 12, 14, 17, 19, 19, 20, 21, 23, 25, 27, 30, 24, 35, 36] (avg cost = 16.62)
Agente 18: [0, 0, 3, 5, 6, 8, 10, 12, 14, 17] (avg cost = 7.50)
Agente 19: [0, 1, 2, 5, 6, 8, 10, 12, 14, 16, 19, 19, 20, 20, 23, 26] (avg cost = 12.56)
Agente 20: [0, 0, 3, 5, 6, 8, 9, 12, 14, 14, 19, 19, 20, 21, 22, 26, 28, 30, 32, 35, 36, 36, 38, 40, 37, 44, 45, 24, 47, 44] (avg cost = 23.80)
Agente 21: [0, 1, 3, 4, 6, 8, 10, 12, 14, 17, 19, 19, 20, 21, 21, 26, 28, 30, 32, 35] (avg cost = 16.30)
Agente 22: [0, 1, 3, 5, 6, 7, 10, 12, 14, 17, 15, 19, 20, 21, 23, 26, 28, 30, 33, 35] (avg cost = 16.25)
Agente 23: [0, 0, 3, 5, 6, 8, 10, 12, 14, 17, 19, 19, 20, 20, 23, 26, 28, 25, 33, 35, 36, 36, 38, 40, 42, 44, 45, 46] (avg cost = 23.21)
Agente 24: [0, 1, 3, 5, 6, 8, 10, 12, 14, 17, 19, 19, 20, 21, 24, 25, 27, 30, 33] (avg cost = 15.47)
Agente 25: [0, 1, 3, 5, 6, 8, 10, 12, 14, 17, 19, 19, 20, 21, 24, 26, 28, 27, 32, 35, 36, 36, 38, 40, 42] (avg cost = 20.76)
Agente 26: [0, 1, 3, 4, 6, 8, 10, 12, 14, 17, 19, 19, 7, 21, 23, 25, 28, 30, 33, 35, 36, 36, 38, 40, 42, 44, 45, 42, 47, 47] (avg cost = 24.40)
Agente 27: [0, 1, 3, 5, 6, 2, 10, 7, 14, 17, 16, 19, 20, 21, 24, 25, 28, 30, 32, 35, 36, 36, 39, 40, 42, 29, 45, 46, 47, 47] (avg cost = 24.07)
Agente 28: [0, 1, 3, 5, 6, 8, 10, 12, 15, 17, 19, 20, 20, 21, 23, 26, 21, 31, 33, 35, 36, 36, 39, 40, 42, 44, 45] (avg cost = 22.52)
Agente 29: [0, 1, 3, 5, 6, 8, 11, 12, 14, 18, 19, 19, 20, 21, 24, 26, 28, 31, 33, 35, 36, 36, 36, 41, 42] (avg cost = 21.00)
Agente 30: [0, 1, 3, 5, 6, 8, 10, 12, 15, 17, 19, 19] (avg cost = 9.58)
Agente 31: [0, 1, 3, 6, 6, 8, 11, 12, 15, 16, 19, 20, 20, 21, 24] (avg cost = 12.13)
Agente 32: [0, 1, 4, 6, 6, 8, 10, 8, 15, 18, 19, 19, 20, 21, 24] (avg cost = 11.93)
Agente 33: [0, 1, 3, 6, 6, 8, 11, 12, 15, 18, 19, 20, 20, 21, 24, 26, 29, 31, 33, 29, 36, 36, 38, 41, 43] (avg cost = 21.04)
Agente 34: [0, 1, 4, 6, 6, 8, 11, 12, 15, 18, 19, 20] (avg cost = 10.00)
Agente 35: [0, 1, 4, 6, 6, 8, 10, 12, 15, 18, 19, 20, 20, 21, 24, 25, 28, 31, 33, 35, 36, 36, 37, 41, 43, 44, 45] (avg cost = 22.89)
Agente 36: [0, 1, 0, 6, 6, 8, 11, 12, 10, 18, 19, 20, 20, 22, 24, 26, 29, 30, 32, 35, 36, 37, 39, 41, 43, 39, 46, 45, 39, 48] (avg cost = 24.73)
Agente 37: [0, 1, 3, 6, 6, 8, 11, 12, 14, 18, 19, 20, 20, 22, 24, 19, 29, 31, 34, 35, 36, 36, 39] (avg cost = 19.26)
Agente 38: [0, 1, 4, 6, 6, 8, 10, 11, 15, 16, 19, 20, 20, 22, 22, 27, 28, 31, 34, 22, 36, 37, 39, 41, 43, 44, 46, 30, 34] (avg cost = 23.17)
Agente 39: [0, 2, 4, 6, 6, 9, 11, 12, 15, 18, 19, 20, 20, 22, 24, 26, 29, 30, 31, 35, 36, 37, 39, 41, 43, 44, 46, 32, 47, 46] (avg cost = 25.00)
Agente 40: [0, 2, 4, 5, 6, 9, 11, 13, 15, 18, 19, 20, 20, 22, 25, 26, 29, 31, 26, 36, 36, 37] (avg cost = 18.64)
Agente 41: [0, 1, 4, 6, 6, 9, 11, 12, 15, 15, 19, 20, 20, 22, 24, 27, 29, 31, 34, 36, 36] (avg cost = 17.95)
Agente 42: [0, 0, 4, 6, 6, 8, 11, 13, 15, 18, 19, 20, 20, 22, 25, 27, 29, 31, 34, 36, 36, 37, 39, 41, 43] (avg cost = 21.60)
Agente 43: [0, 2, 4, 6, 6, 9, 11, 13, 15, 18, 19, 20, 20, 22, 25, 27, 29, 31, 32, 35, 36, 37, 39] (avg cost = 19.83)
Agente 44: [0, 2, 3, 6, 6, 9, 3, 13, 15, 18, 19, 19, 20, 22, 25, 27, 29, 31, 34, 34, 36, 37, 39, 41, 43, 45] (avg cost = 22.15)
Agente 45: [0, 2, 4, 6, 5, 8, 11, 12, 15, 18, 19, 20, 20, 22, 25] (avg cost = 12.47)
Agente 46: [0, 1, 4, 6, 6, 9, 11, 13, 16, 18, 19, 20, 20, 22, 25, 27, 29, 31, 33, 36, 36, 37, 39, 41, 43, 44, 46, 46, 47] (avg cost = 25.00)
Agente 47: [0, 2, 4, 6, 6, 9, 11, 13, 14, 18, 19, 20, 20, 22, 25] (avg cost = 12.60)
Agente 48: [0, 2, 4, 6, 6, 9, 11, 13, 16, 19, 19, 20, 20] (avg cost = 11.15)
Agente 49: [0, 2, 4, 6, 6, 9, 11, 13, 16, 19, 19, 20, 20, 22, 25, 27, 29, 32, 34] (avg cost = 16.53)

Agente peggiore dopo local search: 39 (costo medio = 25.00)

Coincidenza allocazione Greedy / Locale?  Sì