 Istanza: MMLE_7
- Agenti: 50
- Slot: 50

=== Soluzione Greedy ===
Agente 0: [0, 2, 4, 7, 9, 11, 14, 17, 20, 22, 26] (avg cost = 12.00)
Agente 1: [0, 1, 4, 7, 9, 11, 15, 17, 20, 23, 25, 29, 33, 30, 33, 35, 38, 39, 39, 39, 39, 42, 43, 45, 45, 45, 45] (avg cost = 27.81)
Agente 2: [0, 2, 4, 7, 9, 12, 15, 17, 20, 23, 26, 29, 33, 33, 33, 35, 38, 39, 39, 39, 40, 42, 43, 45, 45, 45, 34, 45, 44] (avg cost = 28.83)
Agente 3: [0, 2, 4, 7, 9, 12, 11, 17, 21, 24, 26, 29, 12, 33, 33, 35, 37, 39, 39, 39, 40, 42, 44, 41, 45, 45, 45, 43] (avg cost = 27.64)
Agente 4: [0, 2, 4, 7, 10, 12, 15, 18, 21, 23, 26, 29] (avg cost = 13.92)
Agente 5: [0, 2, 4, 5, 9, 8, 15, 18, 20, 24, 26, 29, 33, 33, 33, 35, 37, 39, 39, 39, 40, 42, 43, 45, 45, 42, 45, 46] (avg cost = 28.43)
Agente 6: [0, 1, 4, 7, 10, 12, 15, 18, 21, 11, 26, 30, 33, 33, 20, 35, 38, 39, 39, 39, 39, 42, 44, 44, 45, 45, 45, 46, 47] (avg cost = 28.55)
Agente 7: [0, 2, 5, 7, 9, 12, 15, 18, 21, 24, 25, 28, 33, 33] (avg cost = 16.57)
Agente 8: [0, 2, 5, 7, 10, 12, 15, 18, 20, 24, 26, 30, 31, 33] (avg cost = 16.64)
Agente 9: [0, 2, 5, 7, 10, 12, 15, 18, 21, 24, 26, 30, 33, 33, 33, 35, 38, 39, 39, 39] (avg cost = 22.95)
Agente 10: [0, 2, 5, 7, 7, 5, 15, 17, 21, 24, 17, 30] (avg cost = 12.50)
Agente 11: [0, 1, 5, 7, 10, 12, 15, 18, 21, 24, 26, 29, 33, 33, 33, 35, 38, 39, 39, 39, 40, 41, 44, 42, 45, 45, 45, 46, 47, 47] (avg cost = 29.97)
Agente 12: [0, 2, 5, 7, 2, 12, 15, 18, 21, 24, 27] (avg cost = 12.09)
Agente 13: [0, 2, 5, 7, 10, 12, 15, 18, 21, 13, 26, 30, 33, 33, 33, 33, 38, 39, 39, 39, 40] (avg cost = 23.14)
Agente 14: [0, 2, 5, 7, 7, 12, 15, 18, 21, 19, 27, 30, 33, 33, 33, 33, 38, 39, 27, 39, 40, 42, 44, 45, 45, 45, 45, 46] (avg cost = 28.21)
Agente 15: [0, 2, 4, 7, 10, 12, 15, 18, 21, 24, 26, 30, 14] (avg cost = 14.08)
Agente 16: [0, 2, 5, 8, 8, 13, 15, 18, 21, 24, 27, 30, 33, 33, 33, 35, 38, 39, 39, 39, 40, 42, 44, 45, 45, 45] (avg cost = 27.73)
Agente 17: [0, 2, 5, 5, 10, 13, 15, 18, 21, 24, 27, 30, 33, 33, 33, 35, 38, 39, 39, 39, 40] (avg cost = 23.76)
Agente 18: [0, 2, 5, 8, 4, 13, 16, 19, 22, 24, 27, 30, 33, 33, 33, 35, 38, 39, 39, 39] (avg cost = 22.95)
Agente 19: [0, 2, 5, 7, 10, 13, 16, 19, 22, 16, 27, 30] (avg cost = 13.92)
Agente 20: [0, 3, 5, 8, 10, 12, 16, 19, 21, 24, 27, 30, 21, 33, 33, 36, 38, 38, 39, 39, 40, 42, 44, 45] (avg cost = 25.96)
Agente 21: [0, 3, 5, 8, 5, 13, 14, 17, 22, 24, 27, 31, 33, 33, 33, 36, 38, 39, 39, 39, 40, 42, 44, 45, 45, 45, 45, 46, 47, 47] (avg cost = 30.17)
Agente 22: [0, 3, 5, 8, 9, 13, 16, 18, 22, 24, 27, 31, 33, 33, 33, 36, 38, 26, 39, 39, 40, 42, 40, 45, 41, 45, 45, 45] (avg cost = 28.43)
Agente 23: [0, 3, 5, 8, 10, 7, 13, 19, 22, 24, 27, 31, 33, 33, 33, 36, 37, 39] (avg cost = 21.11)
Agente 24: [0, 3, 5, 8, 10, 13, 16, 19, 22, 24, 27] (avg cost = 13.36)
Agente 25: [0, 3, 6, 8, 10, 13, 16, 19, 22, 24, 27, 31, 18, 33, 33, 36, 24, 39, 39, 39, 41, 43, 44, 45] (avg cost = 25.54)
Agente 26: [0, 3, 6, 8, 10, 13, 16, 19, 22, 24, 28, 30, 33, 33, 33, 36, 39, 39, 39, 39, 41, 43, 44, 45, 45, 45, 45, 45, 47, 46] (avg cost = 30.53)
Agente 27: [0, 3, 6, 8, 10, 13, 16, 19, 21, 24, 26, 31, 33, 22, 33, 36, 38] (avg cost = 19.94)
Agente 28: [0, 3, 6, 8, 10, 13, 16, 19, 22, 24, 28, 31, 32, 33, 23, 36, 39, 39, 39, 39, 41, 43, 45, 45] (avg cost = 26.42)
Agente 29: [0, 3, 6, 8, 10, 13, 16, 19, 22, 24, 28, 31] (avg cost = 15.00)
Agente 30: [0, 3, 6, 8, 10, 13, 16, 19, 21, 24, 28, 31, 33, 33, 33, 34, 39, 39, 39, 39] (avg cost = 23.40)
Agente 31: [0, 3, 6, 8, 10, 13, 16, 9, 21, 25, 28, 31, 33, 33] (avg cost = 16.86)
Agente 32: [1, 3, 6, 8, 10, 13, 16, 19, 22, 25, 28, 31, 33, 33, 33, 36, 39, 39, 39, 39] (avg cost = 23.65)
Agente 33: [1, 3, 2, 9, 11, 14, 16, 19, 22, 25, 28, 31, 33, 33, 34] (avg cost = 18.73)
Agente 34: [1, 2, 6, 6, 11, 12, 16, 19, 22, 25, 28, 31, 33, 33, 34, 37, 39, 39, 39, 39, 41, 43, 44, 45, 45, 45, 45, 35, 47, 47] (avg cost = 30.30)
Agente 35: [1, 3, 6, 9, 11, 13, 17, 19, 22, 25, 28, 31, 33, 33, 33, 37, 39, 39, 39, 39, 41] (avg cost = 24.67)
Agente 36: [1, 3, 6, 6, 11, 14, 16, 19, 23, 25, 28, 32, 33, 33, 34, 37, 39, 39, 39, 39, 41, 43, 45, 45, 45, 45, 45, 46, 46] (avg cost = 30.28)
Agente 37: [1, 3, 6, 8, 11, 14, 15, 19, 22, 25, 28, 32, 33, 33, 34] (avg cost = 18.93)
Agente 38: [1, 3, 6, 9, 11, 14, 16, 20, 23, 25, 28, 32, 33, 33, 34, 36, 39, 39, 39, 39, 41, 39, 45, 45] (avg cost = 27.08)
Agente 39: [1, 4, 6, 8, 11, 14, 17, 20, 23, 25, 25, 32, 33, 23, 33, 37, 39, 39] (avg cost = 21.67)
Agente 40: [1, 3, 1, 9, 11, 14, 17, 19, 23, 25, 27, 32, 33, 33, 34, 35, 39, 39] (avg cost = 21.94)
Agente 41: [1, 4, 6, 9, 11, 14, 17, 20, 23, 25, 28, 32, 33, 33, 34, 36, 38] (avg cost = 21.41)
Agente 42: [1, 4, 6, 9, 11, 12, 17, 20, 23, 25, 28, 32, 33, 33, 34, 37, 39, 39, 39, 39, 41] (avg cost = 24.86)
Agente 43: [1, 4, 6, 9, 11, 14, 17, 19, 23, 25, 29] (avg cost = 14.36)
Agente 44: [1, 4, 6, 9, 11, 14, 17, 20, 23, 25, 29, 32, 33, 33, 33, 37, 39, 39, 39] (avg cost = 23.37)
Agente 45: [1, 4, 6, 9, 11, 14, 17, 20, 23, 25, 28, 32, 33, 33, 34, 37, 39, 39, 39, 39] (avg cost = 24.15)
Agente 46: [1, 4, 4, 9, 11, 14, 17, 19, 23, 26, 29, 31, 33, 33, 35, 36, 39, 39, 39, 39, 41, 43, 43, 45, 45, 45, 45, 46, 47, 48] (avg cost = 30.97)
Agente 47: [1, 4, 6, 9, 11, 13, 17, 20, 23, 26, 28, 32, 33, 33, 35, 37, 39, 39, 39, 39, 41] (avg cost = 25.00)
Agente 48: [2, 4, 7, 9, 11, 14, 17, 20, 23, 26, 29, 32, 33, 33, 34, 37, 37, 39, 39, 39, 41, 43, 45, 45, 45, 45] (avg cost = 28.81)
Agente 49: [1, 4, 7, 9, 11, 14, 17, 20, 24, 26, 29, 32, 33, 33, 35, 37, 39, 39, 39, 40, 42, 42, 45, 45, 45, 45, 45, 46] (avg cost = 30.14)

Agente peggiore: 46 (costo medio = 30.97)

=== Dopo Ricerca Locale ===
Agente 0: [0, 2, 4, 7, 9, 11, 14, 17, 20, 22, 26] (avg cost = 12.00)
Agente 1: [0, 1, 4, 7, 9, 11, 15, 17, 20, 23, 25, 29, 33, 30, 33, 35, 38, 39, 39, 39, 39, 42, 43, 45, 45, 45, 45] (avg cost = 27.81)
Agente 2: [0, 2, 4, 7, 9, 12, 15, 17, 20, 23, 26, 29, 33, 33, 33, 35, 38, 39, 39, 39, 40, 42, 43, 45, 45, 45, 34, 45, 44] (avg cost = 28.83)
Agente 3: [0, 2, 4, 7, 9, 12, 11, 17, 21, 24, 26, 29, 12, 33, 33, 35, 37, 39, 39, 39, 40, 42, 44, 41, 45, 45, 45, 43] (avg cost = 27.64)
Agente 4: [0, 2, 4, 7, 10, 12, 15, 18, 21, 23, 26, 29] (avg cost = 13.92)
Agente 5: [0, 2, 4, 5, 9, 8, 15, 18, 20, 24, 26, 29, 33, 33, 33, 35, 37, 39, 39, 39, 40, 42, 43, 45, 45, 42, 45, 46] (avg cost = 28.43)
Agente 6: [0, 1, 4, 7, 10, 12, 15, 18, 21, 11, 26, 30, 33, 33, 20, 35, 38, 39, 39, 39, 39, 42, 44, 44, 45, 45, 45, 46, 47] (avg cost = 28.55)
Agente 7: [0, 2, 5, 7, 9, 12, 15, 18, 21, 24, 25, 28, 33, 33] (avg cost = 16.57)
Agente 8: [0, 2, 5, 7, 10, 12, 15, 18, 20, 24, 26, 30, 31, 33] (avg cost = 16.64)
Agente 9: [0, 2, 5, 7, 10, 12, 15, 18, 21, 24, 26, 30, 33, 33, 33, 35, 38, 39, 39, 39] (avg cost = 22.95)
Agente 10: [0, 2, 5, 7, 7, 5, 15, 17, 21, 24, 17, 30] (avg cost = 12.50)
Agente 11: [0, 1, 5, 7, 10, 12, 15, 18, 21, 24, 26, 29, 33, 33, 33, 35, 38, 39, 39, 39, 40, 41, 44, 42, 45, 45, 45, 46, 47, 47] (avg cost = 29.97)
Agente 12: [0, 2, 5, 7, 2, 12, 15, 18, 21, 24, 27] (avg cost = 12.09)
Agente 13: [0, 2, 5, 7, 10, 12, 15, 18, 21, 13, 26, 30, 33, 33, 33, 33, 38, 39, 39, 39, 40] (avg cost = 23.14)
Agente 14: [0, 2, 5, 7, 7, 12, 15, 18, 21, 19, 27, 30, 33, 33, 33, 33, 38, 39, 27, 39, 40, 42, 44, 45, 45, 45, 45, 46] (avg cost = 28.21)
Agente 15: [0, 2, 4, 7, 10, 12, 15, 18, 21, 24, 26, 30, 14] (avg cost = 14.08)
Agente 16: [0, 2, 5, 8, 8, 13, 15, 18, 21, 24, 27, 30, 33, 33, 33, 35, 38, 39, 39, 39, 40, 42, 44, 45, 45, 45] (avg cost = 27.73)
Agente 17: [0, 2, 5, 5, 10, 13, 15, 18, 21, 24, 27, 30, 33, 33, 33, 35, 38, 39, 39, 39, 40] (avg cost = 23.76)
Agente 18: [0, 2, 5, 8, 4, 13, 16, 19, 22, 24, 27, 30, 33, 33, 33, 35, 38, 39, 39, 39] (avg cost = 22.95)
Agente 19: [0, 2, 5, 7, 10, 13, 16, 19, 22, 16, 27, 30] (avg cost = 13.92)
Agente 20: [0, 3, 5, 8, 10, 12, 16, 19, 21, 24, 27, 30, 21, 33, 33, 36, 38, 38, 39, 39, 40, 42, 44, 45] (avg cost = 25.96)
Agente 21: [0, 3, 5, 8, 5, 13, 14, 17, 22, 24, 27, 31, 33, 33, 33, 36, 38, 39, 39, 39, 40, 42, 44, 45, 45, 45, 45, 46, 47, 47] (avg cost = 30.17)
Agente 22: [0, 3, 5, 8, 9, 13, 16, 18, 22, 24, 27, 31, 33, 33, 33, 36, 38, 26, 39, 39, 40, 42, 40, 45, 41, 45, 45, 45] (avg cost = 28.43)
Agente 23: [0, 3, 5, 8, 10, 7, 13, 19, 22, 24, 27, 31, 33, 33, 33, 36, 37, 39] (avg cost = 21.11)
Agente 24: [0, 3, 5, 8, 10, 13, 16, 19, 22, 24, 27] (avg cost = 13.36)
Agente 25: [0, 3, 6, 8, 10, 13, 16, 19, 22, 24, 27, 31, 18, 33, 33, 36, 24, 39, 39, 39, 41, 43, 44, 45] (avg cost = 25.54)
Agente 26: [0, 3, 6, 8, 10, 13, 16, 19, 22, 24, 28, 30, 33, 33, 33, 36, 39, 39, 39, 39, 41, 43, 44, 45, 45, 45, 45, 45, 47, 46] (avg cost = 30.53)
Agente 27: [0, 3, 6, 8, 10, 13, 16, 19, 21, 24, 26, 31, 33, 22, 33, 36, 38] (avg cost = 19.94)
Agente 28: [0, 3, 6, 8, 10, 13, 16, 19, 22, 24, 28, 31, 32, 33, 23, 36, 39, 39, 39, 39, 41, 43, 45, 45] (avg cost = 26.42)
Agente 29: [0, 3, 6, 8, 10, 13, 16, 19, 22, 24, 28, 31] (avg cost = 15.00)
Agente 30: [0, 3, 6, 8, 10, 13, 16, 19, 21, 24, 28, 31, 33, 33, 33, 34, 39, 39, 39, 39] (avg cost = 23.40)
Agente 31: [0, 3, 6, 8, 10, 13, 16, 9, 21, 25, 28, 31, 33, 33] (avg cost = 16.86)
Agente 32: [1, 3, 6, 8, 10, 13, 16, 19, 22, 25, 28, 31, 33, 33, 33, 36, 39, 39, 39, 39] (avg cost = 23.65)
Agente 33: [1, 3, 2, 9, 11, 14, 16, 19, 22, 25, 28, 31, 33, 33, 34] (avg cost = 18.73)
Agente 34: [1, 2, 6, 6, 11, 12, 16, 19, 22, 25, 28, 31, 33, 33, 34, 37, 39, 39, 39, 39, 41, 43, 44, 45, 45, 45, 45, 35, 47, 47] (avg cost = 30.30)
Agente 35: [1, 3, 6, 9, 11, 13, 17, 19, 22, 25, 28, 31, 33, 33, 33, 37, 39, 39, 39, 39, 41] (avg cost = 24.67)
Agente 36: [1, 3, 6, 6, 11, 14, 16, 19, 23, 25, 28, 32, 33, 33, 34, 37, 39, 39, 39, 39, 41, 43, 45, 45, 45, 45, 45, 46, 46] (avg cost = 30.28)
Agente 37: [1, 3, 6, 8, 11, 14, 15, 19, 22, 25, 28, 32, 33, 33, 34] (avg cost = 18.93)
Agente 38: [1, 3, 6, 9, 11, 14, 16, 20, 23, 25, 28, 32, 33, 33, 34, 36, 39, 39, 39, 39, 41, 39, 45, 45] (avg cost = 27.08)
Agente 39: [1, 4, 6, 8, 11, 14, 17, 20, 23, 25, 25, 32, 33, 23, 33, 37, 39, 39] (avg cost = 21.67)
Agente 40: [1, 3, 1, 9, 11, 14, 17, 19, 23, 25, 27, 32, 33, 33, 34, 35, 39, 39] (avg cost = 21.94)
Agente 41: [1, 4, 6, 9, 11, 14, 17, 20, 23, 25, 28, 32, 33, 33, 34, 36, 38] (avg cost = 21.41)
Agente 42: [1, 4, 6, 9, 11, 12, 17, 20, 23, 25, 28, 32, 33, 33, 34, 37, 39, 39, 39, 39, 41] (avg cost = 24.86)
Agente 43: [1, 4, 6, 9, 11, 14, 17, 19, 23, 25, 29] (avg cost = 14.36)
Agente 44: [1, 4, 6, 9, 11, 14, 17, 20, 23, 25, 29, 32, 33, 33, 33, 37, 39, 39, 39] (avg cost = 23.37)
Agente 45: [1, 4, 6, 9, 11, 14, 17, 20, 23, 25, 28, 32, 33, 33, 34, 37, 39, 39, 39, 39] (avg cost = 24.15)
Agente 46: [1, 4, 4, 9, 11, 14, 17, 19, 23, 26, 29, 31, 33, 33, 35, 36, 39, 39, 39, 39, 41, 43, 43, 45, 45, 45, 45, 46, 47, 48] (avg cost = 30.97)
Agente 47: [1, 4, 6, 9, 11, 13, 17, 20, 23, 26, 28, 32, 33, 33, 35, 37, 39, 39, 39, 39, 41] (avg cost = 25.00)
Agente 48: [2, 4, 7, 9, 11, 14, 17, 20, 23, 26, 29, 32, 33, 33, 34, 37, 37, 39, 39, 39, 41, 43, 45, 45, 45, 45] (avg cost = 28.81)
Agente 49: [1, 4, 7, 9, 11, 14, 17, 20, 24, 26, 29, 32, 33, 33, 35, 37, 39, 39, 39, 40, 42, 42, 45, 45, 45, 45, 45, 46] (avg cost = 30.14)

Agente peggiore dopo local search: 46 (costo medio = 30.97)

Coincidenza allocazione Greedy / Locale?  Sì