 Istanza: MMLE_2
- Agenti: 50
- Slot: 50

=== Soluzione Greedy ===
Agente 0: [0, 0, 1, 4, 5, 6, 9, 12, 12, 12, 15] (avg cost = 6.91)
Agente 1: [0, 0, 2, 3, 5, 6, 9, 12, 12, 12, 15, 18, 20, 23, 25, 26, 29, 31, 34, 35, 36, 39] (avg cost = 17.82)
Agente 2: [0, 0, 1, 3, 5, 7, 9, 12, 12, 12, 15] (avg cost = 6.91)
Agente 3: [0, 0, 2, 4, 5, 7, 9, 12, 12, 12, 15, 18, 21, 23, 25, 26, 26] (avg cost = 12.76)
Agente 4: [0, 0, 1, 4, 5, 7, 9, 12, 12, 12, 15, 18, 13, 23] (avg cost = 9.36)
Agente 5: [0, 0, 2, 4, 5, 7, 10, 12, 6, 7, 15, 18, 21, 23, 24, 26, 29, 32] (avg cost = 13.39)
Agente 6: [0, 0, 1, 4, 5, 7, 9, 12, 12, 12, 15, 18, 21, 22, 25, 26, 26, 32, 34, 36] (avg cost = 15.85)
Agente 7: [0, 0, 2, 4, 5, 7, 10, 12, 12, 12] (avg cost = 6.40)
Agente 8: [0, 0, 2, 4, 5, 7, 10, 12, 12, 12, 15, 18, 15, 23, 25] (avg cost = 10.67)
Agente 9: [0, 0, 2, 5, 5, 7, 10, 12, 12, 12, 15, 18, 21, 22, 25, 26, 29, 32, 34, 36] (avg cost = 16.15)
Agente 10: [0, 0, 2, 5, 5, 6, 10, 12, 12, 12, 16, 19, 21, 23, 25] (avg cost = 11.20)
Agente 11: [0, 0, 2, 5, 5, 5, 10, 12, 12, 12, 16, 19, 21, 21, 25, 25, 29, 32, 34, 36, 37, 39] (avg cost = 18.05)
Agente 12: [0, 0, 2, 5, 5, 7, 10, 12, 12, 12, 16, 16, 21, 23, 25, 26, 29, 32] (avg cost = 14.06)
Agente 13: [0, 0, 2, 4, 5, 7, 10, 12, 12, 11, 16, 19, 10, 23, 25, 26, 29, 32, 34] (avg cost = 14.58)
Agente 14: [0, 0, 2, 5, 5, 7, 10, 12, 12, 13, 16, 19, 21, 23, 25, 27] (avg cost = 12.31)
Agente 15: [0, 0, 2, 5, 5, 7, 10, 12, 12, 13, 16, 18, 21, 14, 25, 25, 29, 32, 34, 36, 37] (avg cost = 16.81)
Agente 16: [0, 0, 2, 5, 5, 7, 10, 12, 12, 13, 16, 19, 21, 23, 25, 26, 29, 32, 34, 36, 38, 39, 41, 42, 43] (avg cost = 21.20)
Agente 17: [0, 0, 2, 5, 5, 7, 10, 12, 12, 13, 16, 19, 21, 23, 25, 27, 28, 32, 34, 36, 38, 39, 41] (avg cost = 19.35)
Agente 18: [0, 0, 2, 5, 5, 7, 10, 12, 12, 12, 16, 19, 9, 24, 25, 27, 29] (avg cost = 12.59)
Agente 19: [0, 0, 2, 5, 5, 8, 10, 12, 12, 13, 16, 19, 19, 24, 25, 27, 29, 32, 35, 36, 38, 39, 41, 42, 42, 44, 45, 46, 47, 48] (avg cost = 25.37)
Agente 20: [0, 0, 2, 5, 5, 8, 8, 12, 12, 13, 16, 19, 21, 24, 25, 27, 30, 24, 32, 36, 38, 39, 41, 42, 43, 44, 45, 46] (avg cost = 23.46)
Agente 21: [0, 0, 2, 4, 5, 8, 10, 12, 12, 13, 14, 19, 20] (avg cost = 9.15)
Agente 22: [0, 0, 3, 1, 5, 8, 10, 12, 12, 13, 16, 19, 22, 24, 25, 27, 30] (avg cost = 13.35)
Agente 23: [0, 0, 3, 5, 5, 8, 11, 12, 6, 13, 16, 19, 21, 24, 25, 27] (avg cost = 12.19)
Agente 24: [0, 0, 3, 5, 5, 8, 5, 12, 12, 13, 16, 19, 21, 24, 25, 27, 30, 32, 35, 36, 38, 40, 41, 42, 43, 45, 46, 47, 47] (avg cost = 24.72)
Agente 25: [0, 0, 3, 5, 5, 8, 10, 12, 12, 13, 16, 19, 20, 24, 25, 27, 30, 33, 35, 37, 38, 40, 41, 42, 44, 45] (avg cost = 22.46)
Agente 26: [0, 0, 3, 5, 5, 8, 11, 12, 12, 13, 17, 18, 22, 24, 25, 27, 30, 33] (avg cost = 14.72)
Agente 27: [0, 0, 3, 5, 5, 8, 10, 12, 12, 13, 17, 20, 22, 24, 25, 27, 29] (avg cost = 13.65)
Agente 28: [0, 0, 3, 5, 5, 8, 11, 12, 12, 13, 17, 20, 16, 24, 25, 28] (avg cost = 12.44)
Agente 29: [0, 1, 3, 5, 5, 8, 11, 12, 12, 13] (avg cost = 7.00)
Agente 30: [0, 1, 3, 4, 5, 8, 11, 12, 12, 13, 17, 19, 22, 24, 25, 28, 30, 33, 35, 27, 38, 40, 41, 42, 43, 44, 45, 45, 47] (avg cost = 24.62)
Agente 31: [0, 1, 3, 5, 5, 8, 11, 12, 12, 14] (avg cost = 7.10)
Agente 32: [0, 0, 3, 5, 5, 8, 11, 12, 12, 14, 17, 20, 21, 24, 25, 28, 30, 33, 35, 37] (avg cost = 17.00)
Agente 33: [0, 0, 2, 5, 5, 8, 11, 12, 12, 13, 17, 20, 22, 24, 25, 28, 30, 33, 35, 37, 38, 40] (avg cost = 18.95)
Agente 34: [0, 1, 3, 5, 5, 8, 11, 12, 12, 13, 17, 20, 22, 24, 25, 27, 30] (avg cost = 13.82)
Agente 35: [0, 1, 3, 5, 6, 4, 11, 12, 12, 14, 17, 19, 22, 24, 25, 28, 30, 33, 35, 33, 38, 40, 41, 42, 44, 43, 28, 47, 47, 48] (avg cost = 25.07)
Agente 36: [0, 1, 3, 5, 6, 8, 11, 12, 12, 14, 17, 20, 22, 25, 25, 28, 30, 29, 35, 36, 38, 40, 41, 42, 44, 45, 46, 47] (avg cost = 24.36)
Agente 37: [0, 1, 3, 5, 6, 8, 11, 12, 12, 14, 17, 20, 22, 24, 25, 28, 31, 30] (avg cost = 14.94)
Agente 38: [0, 1, 3, 5, 6, 9, 11, 12, 8, 14, 17, 20, 22, 25, 25, 26, 18, 33, 20, 31, 37, 40] (avg cost = 17.41)
Agente 39: [0, 1, 4, 5, 6, 9, 11, 12, 12, 14, 18, 20, 20, 25, 25, 28, 31, 33, 35, 37, 39] (avg cost = 18.33)
Agente 40: [0, 1, 3, 5, 6, 8, 11, 12, 12, 14, 18, 20, 22, 25, 25, 28, 31] (avg cost = 14.18)
Agente 41: [0, 0, 4, 5, 6, 9, 11, 12, 12, 14, 18, 20, 22, 25, 25, 28, 31, 33, 35, 37, 39, 39, 41, 42, 44, 44, 46] (avg cost = 23.78)
Agente 42: [0, 1, 4, 2, 6, 9, 12, 12, 12, 14, 16, 20, 22, 25, 25, 28, 31, 33, 35, 37, 39, 40, 41, 43] (avg cost = 21.12)
Agente 43: [0, 1, 4, 5, 6, 9, 12, 12, 12, 14, 18, 20, 22, 24] (avg cost = 11.36)
Agente 44: [0, 1, 4, 1, 6, 9, 12, 12, 12, 15, 18, 20, 23, 25, 25, 29, 31, 33, 35, 37, 39, 40, 41, 26, 44, 45, 46, 47, 47] (avg cost = 24.93)
Agente 45: [0, 1, 4, 5, 6, 9, 11, 12, 12, 14, 17, 20, 17, 25, 25] (avg cost = 11.87)
Agente 46: [0, 1, 4, 5, 6, 9, 12, 12, 12, 15, 16, 20, 23, 25, 25, 29, 30, 34] (avg cost = 15.44)
Agente 47: [0, 1, 4, 4, 6, 9, 12, 12, 7, 15, 18, 20, 23, 25, 26, 28, 31, 33, 36, 37, 38, 40, 42, 43, 44, 45] (avg cost = 23.04)
Agente 48: [0, 1, 4, 5, 6, 8, 12, 12, 12, 15, 18, 20, 23, 25, 26, 29, 31, 31, 36, 25, 38, 41, 41, 43] (avg cost = 20.92)
Agente 49: [0, 1, 4, 5, 6, 9, 12, 12, 12, 15, 18, 20, 21, 25, 26, 29, 31, 34, 35, 37, 39, 40, 42, 43, 43, 45, 46, 46, 47] (avg cost = 25.62)

Agente peggiore: 49 (costo medio = 25.62)

=== Dopo Ricerca Locale ===
Agente 0: [0, 0, 1, 4, 5, 6, 9, 12, 12, 12, 15] (avg cost = 6.91)
Agente 1: [0, 0, 2, 3, 5, 6, 9, 12, 12, 12, 15, 18, 20, 23, 25, 26, 29, 31, 34, 35, 36, 39] (avg cost = 17.82)
Agente 2: [0, 0, 1, 3, 5, 7, 9, 12, 12, 12, 15] (avg cost = 6.91)
Agente 3: [0, 0, 2, 4, 5, 7, 9, 12, 12, 12, 15, 18, 21, 23, 25, 26, 26] (avg cost = 12.76)
Agente 4: [0, 0, 1, 4, 5, 7, 9, 12, 12, 12, 15, 18, 13, 23] (avg cost = 9.36)
Agente 5: [0, 0, 2, 4, 5, 7, 10, 12, 6, 7, 15, 18, 21, 23, 24, 26, 29, 32] (avg cost = 13.39)
Agente 6: [0, 0, 1, 4, 5, 7, 9, 12, 12, 12, 15, 18, 21, 22, 25, 26, 26, 32, 34, 36] (avg cost = 15.85)
Agente 7: [0, 0, 2, 4, 5, 7, 10, 12, 12, 12] (avg cost = 6.40)
Agente 8: [0, 0, 2, 4, 5, 7, 10, 12, 12, 12, 15, 18, 15, 23, 25] (avg cost = 10.67)
Agente 9: [0, 0, 2, 5, 5, 7, 10, 12, 12, 12, 15, 18, 21, 22, 25, 26, 29, 32, 34, 36] (avg cost = 16.15)
Agente 10: [0, 0, 2, 5, 5, 6, 10, 12, 12, 12, 16, 19, 21, 23, 25] (avg cost = 11.20)
Agente 11: [0, 0, 2, 5, 5, 5, 10, 12, 12, 12, 16, 19, 21, 21, 25, 25, 29, 32, 34, 36, 37, 39] (avg cost = 18.05)
Agente 12: [0, 0, 2, 5, 5, 7, 10, 12, 12, 12, 16, 16, 21, 23, 25, 26, 29, 32] (avg cost = 14.06)
Agente 13: [0, 0, 2, 4, 5, 7, 10, 12, 12, 11, 16, 19, 10, 23, 25, 26, 29, 32, 34] (avg cost = 14.58)
Agente 14: [0, 0, 2, 5, 5, 7, 10, 12, 12, 13, 16, 19, 21, 23, 25, 27] (avg cost = 12.31)
Agente 15: [0, 0, 2, 5, 5, 7, 10, 12, 12, 13, 16, 18, 21, 14, 25, 25, 29, 32, 34, 36, 37] (avg cost = 16.81)
Agente 16: [0, 0, 2, 5, 5, 7, 10, 12, 12, 13, 16, 19, 21, 23, 25, 26, 29, 32, 34, 36, 38, 39, 41, 42, 43] (avg cost = 21.20)
Agente 17: [0, 0, 2, 5, 5, 7, 10, 12, 12, 13, 16, 19, 21, 23, 25, 27, 28, 32, 34, 36, 38, 39, 41] (avg cost = 19.35)
Agente 18: [0, 0, 2, 5, 5, 7, 10, 12, 12, 12, 16, 19, 9, 24, 25, 27, 29] (avg cost = 12.59)
Agente 19: [0, 0, 2, 5, 5, 8, 10, 12, 12, 13, 16, 19, 19, 24, 25, 27, 29, 32, 35, 36, 38, 39, 41, 42, 42, 44, 45, 46, 47, 48] (avg cost = 25.37)
Agente 20: [0, 0, 2, 5, 5, 8, 8, 12, 12, 13, 16, 19, 21, 24, 25, 27, 30, 24, 32, 36, 38, 39, 41, 42, 43, 44, 45, 46] (avg cost = 23.46)
Agente 21: [0, 0, 2, 4, 5, 8, 10, 12, 12, 13, 14, 19, 20] (avg cost = 9.15)
Agente 22: [0, 0, 3, 1, 5, 8, 10, 12, 12, 13, 16, 19, 22, 24, 25, 27, 30] (avg cost = 13.35)
Agente 23: [0, 0, 3, 5, 5, 8, 11, 12, 6, 13, 16, 19, 21, 24, 25, 27] (avg cost = 12.19)
Agente 24: [0, 0, 3, 5, 5, 8, 5, 12, 12, 13, 16, 19, 21, 24, 25, 27, 30, 32, 35, 36, 38, 40, 41, 42, 43, 45, 46, 47, 47] (avg cost = 24.72)
Agente 25: [0, 0, 3, 5, 5, 8, 10, 12, 12, 13, 16, 19, 20, 24, 25, 27, 30, 33, 35, 37, 38, 40, 41, 42, 44, 45] (avg cost = 22.46)
Agente 26: [0, 0, 3, 5, 5, 8, 11, 12, 12, 13, 17, 18, 22, 24, 25, 27, 30, 33] (avg cost = 14.72)
Agente 27: [0, 0, 3, 5, 5, 8, 10, 12, 12, 13, 17, 20, 22, 24, 25, 27, 29] (avg cost = 13.65)
Agente 28: [0, 0, 3, 5, 5, 8, 11, 12, 12, 13, 17, 20, 16, 24, 25, 28] (avg cost = 12.44)
Agente 29: [0, 1, 3, 5, 5, 8, 11, 12, 12, 13] (avg cost = 7.00)
Agente 30: [0, 1, 3, 4, 5, 8, 11, 12, 12, 13, 17, 19, 22, 24, 25, 28, 30, 33, 35, 27, 38, 40, 41, 42, 43, 44, 45, 45, 47] (avg cost = 24.62)
Agente 31: [0, 1, 3, 5, 5, 8, 11, 12, 12, 14] (avg cost = 7.10)
Agente 32: [0, 0, 3, 5, 5, 8, 11, 12, 12, 14, 17, 20, 21, 24, 25, 28, 30, 33, 35, 37] (avg cost = 17.00)
Agente 33: [0, 0, 2, 5, 5, 8, 11, 12, 12, 13, 17, 20, 22, 24, 25, 28, 30, 33, 35, 37, 38, 40] (avg cost = 18.95)
Agente 34: [0, 1, 3, 5, 5, 8, 11, 12, 12, 13, 17, 20, 22, 24, 25, 27, 30] (avg cost = 13.82)
Agente 35: [0, 1, 3, 5, 6, 4, 11, 12, 12, 14, 17, 19, 22, 24, 25, 28, 30, 33, 35, 33, 38, 40, 41, 42, 44, 43, 28, 47, 47, 48] (avg cost = 25.07)
Agente 36: [0, 1, 3, 5, 6, 8, 11, 12, 12, 14, 17, 20, 22, 25, 25, 28, 30, 29, 35, 36, 38, 40, 41, 42, 44, 45, 46, 47] (avg cost = 24.36)
Agente 37: [0, 1, 3, 5, 6, 8, 11, 12, 12, 14, 17, 20, 22, 24, 25, 28, 31, 30] (avg cost = 14.94)
Agente 38: [0, 1, 3, 5, 6, 9, 11, 12, 8, 14, 17, 20, 22, 25, 25, 26, 18, 33, 20, 31, 37, 40] (avg cost = 17.41)
Agente 39: [0, 1, 4, 5, 6, 9, 11, 12, 12, 14, 18, 20, 20, 25, 25, 28, 31, 33, 35, 37, 39] (avg cost = 18.33)
Agente 40: [0, 1, 3, 5, 6, 8, 11, 12, 12, 14, 18, 20, 22, 25, 25, 28, 31] (avg cost = 14.18)
Agente 41: [0, 0, 4, 5, 6, 9, 11, 12, 12, 14, 18, 20, 22, 25, 25, 28, 31, 33, 35, 37, 39, 39, 41, 42, 44, 44, 46] (avg cost = 23.78)
Agente 42: [0, 1, 4, 2, 6, 9, 12, 12, 12, 14, 16, 20, 22, 25, 25, 28, 31, 33, 35, 37, 39, 40, 41, 43] (avg cost = 21.12)
Agente 43: [0, 1, 4, 5, 6, 9, 12, 12, 12, 14, 18, 20, 22, 24] (avg cost = 11.36)
Agente 44: [0, 1, 4, 1, 6, 9, 12, 12, 12, 15, 18, 20, 23, 25, 25, 29, 31, 33, 35, 37, 39, 40, 41, 26, 44, 45, 46, 47, 47] (avg cost = 24.93)
Agente 45: [0, 1, 4, 5, 6, 9, 11, 12, 12, 14, 17, 20, 17, 25, 25] (avg cost = 11.87)
Agente 46: [0, 1, 4, 5, 6, 9, 12, 12, 12, 15, 16, 20, 23, 25, 25, 29, 30, 34] (avg cost = 15.44)
Agente 47: [0, 1, 4, 4, 6, 9, 12, 12, 7, 15, 18, 20, 23, 25, 26, 28, 31, 33, 36, 37, 38, 40, 42, 43, 44, 45] (avg cost = 23.04)
Agente 48: [0, 1, 4, 5, 6, 8, 12, 12, 12, 15, 18, 20, 23, 25, 26, 29, 31, 31, 36, 25, 38, 41, 41, 43] (avg cost = 20.92)
Agente 49: [0, 1, 4, 5, 6, 9, 12, 12, 12, 15, 18, 20, 21, 25, 26, 29, 31, 34, 35, 37, 39, 40, 42, 43, 43, 45, 46, 46, 47] (avg cost = 25.62)

Agente peggiore dopo local search: 49 (costo medio = 25.62)

Coincidenza allocazione Greedy / Locale?  Sì