 Istanza: MMLE_9
- Agenti: 50
- Slot: 50

=== Soluzione Greedy ===
Agente 0: [0, 0, 0, 4, 7, 9, 11, 13, 17, 18, 18, 21, 25, 27, 30, 32, 34, 34] (avg cost = 16.67)
Agente 1: [0, 1, 2, 4, 6, 9, 12, 15, 17, 18, 19, 22, 25, 23, 30, 32, 34, 34, 35, 37] (avg cost = 18.75)
Agente 2: [0, 1, 2, 4, 7, 9, 12, 15, 17, 18, 19, 21] (avg cost = 10.42)
Agente 3: [0, 1, 2, 4, 7, 7, 12, 15, 18, 18, 19, 22, 25, 27, 30] (avg cost = 13.80)
Agente 4: [0, 1, 2, 4, 7, 10, 12, 15, 17, 18, 18, 21, 25, 27, 29, 32, 34, 34, 35, 37, 39, 41, 43, 42, 46, 46] (avg cost = 24.42)
Agente 5: [0, 1, 2, 4, 7, 10, 12, 14, 18, 18, 19, 22, 25, 27, 30, 32, 34, 34, 35, 37, 39, 42, 44, 45, 46, 46, 46, 35, 47] (avg cost = 26.59)
Agente 6: [0, 1, 2, 4, 7, 9, 12, 15, 18, 18, 19, 22, 25, 27, 30, 32, 34, 34, 35, 37, 39, 42, 44, 45, 44, 46, 46, 47] (avg cost = 26.21)
Agente 7: [0, 1, 2, 2, 7, 10, 12, 15, 17, 18, 19, 22, 25, 28, 30, 29, 34, 34, 35, 9, 39, 41] (avg cost = 19.50)
Agente 8: [0, 1, 2, 4, 7, 10, 12, 15, 17, 17, 19, 22] (avg cost = 10.50)
Agente 9: [0, 1, 2, 4, 5, 10, 12, 15, 18, 18, 19, 22] (avg cost = 10.50)
Agente 10: [0, 1, 2, 4, 7, 10, 12, 13, 18, 18, 19, 22, 25, 28, 30, 32, 34, 34, 35, 37, 39, 42, 20, 45] (avg cost = 21.96)
Agente 11: [0, 1, 2, 5, 6, 10, 12, 15, 18, 18, 19] (avg cost = 9.64)
Agente 12: [0, 1, 2, 4, 7, 10, 12, 15, 18, 18, 19, 21] (avg cost = 10.58)
Agente 13: [0, 1, 2, 5, 0, 10, 12, 15, 18, 18, 19, 22, 25, 28, 30, 33, 34, 34, 35, 37, 38, 42, 44, 43, 46, 46, 46, 46, 47] (avg cost = 26.76)
Agente 14: [0, 1, 2, 5, 7, 10, 13, 15, 18, 18, 18, 22, 15, 28, 30, 31, 34, 34, 35, 38, 40, 40, 44, 45, 46] (avg cost = 23.56)
Agente 15: [0, 1, 2, 5, 7, 10, 13, 16, 18, 18, 19, 22, 25, 28, 30, 17, 34, 33, 36, 38, 40, 42, 44] (avg cost = 21.65)
Agente 16: [0, 2, 2, 4, 7, 10, 13, 11, 18, 18] (avg cost = 8.50)
Agente 17: [0, 2, 2, 5, 7, 10, 13, 16, 18, 18, 19] (avg cost = 10.00)
Agente 18: [0, 2, 2, 5, 8, 10, 13, 16, 18, 18, 20, 23, 25, 28, 30, 33, 34] (avg cost = 16.76)
Agente 19: [0, 2, 2, 5, 8, 10, 12, 16, 18, 18, 20, 22, 25, 28, 31, 32, 34, 34, 36, 38, 40, 42, 41] (avg cost = 22.35)
Agente 20: [0, 2, 2, 5, 8, 10, 13, 16, 18, 18, 20, 23, 21, 28, 31, 33, 34, 34, 35, 38, 40, 42, 44, 45, 46, 46, 46, 47] (avg cost = 26.61)
Agente 21: [0, 2, 2, 5, 8, 10, 13, 16, 18, 18, 20, 23, 25, 28, 31, 33, 34, 34, 36, 38, 40, 42, 44, 46, 46, 46, 46] (avg cost = 26.07)
Agente 22: [0, 2, 3, 5, 8, 10, 13, 16, 18, 16, 20, 23, 26, 28, 31, 33, 34, 34, 36] (avg cost = 18.74)
Agente 23: [0, 2, 3, 5, 7, 10, 13, 16, 18, 18, 20, 23, 26, 28, 31, 33, 34, 28, 36, 38, 40, 42, 44, 46, 46] (avg cost = 24.28)
Agente 24: [0, 1, 2, 5, 8, 11, 13, 16, 18, 18, 20, 23, 26, 28, 31, 33] (avg cost = 15.81)
Agente 25: [0, 2, 3, 5, 8, 10, 10, 16, 18, 18, 20, 23, 26, 29, 31, 33, 34, 34, 34, 38, 40, 43, 44, 39, 46, 46, 46, 47, 47] (avg cost = 27.24)
Agente 26: [0, 2, 2, 5, 8, 10, 13, 16, 18, 18, 20, 23, 26, 29, 31, 33, 34, 34, 36, 38, 40] (avg cost = 20.76)
Agente 27: [0, 2, 3, 5, 8, 10, 13, 16, 18, 18, 4, 23, 26, 29, 31, 18, 34, 34, 36, 37, 40, 42, 44] (avg cost = 21.35)
Agente 28: [0, 1, 3, 5, 8, 11, 13, 15, 18, 18, 20, 19, 26, 25, 31, 33, 34, 34, 36, 37, 41, 43, 45, 45, 46, 46, 46, 42] (avg cost = 26.46)
Agente 29: [0, 2, 2, 5, 8, 11, 13, 16, 18, 14, 20, 23, 26, 29, 21, 34, 34, 34, 36, 38, 41, 40, 45, 46, 46, 46, 46, 47] (avg cost = 26.46)
Agente 30: [0, 2, 3, 5, 8, 11, 12, 16, 18, 18, 20, 23, 26, 29, 31, 34, 34, 34, 36, 38, 41, 43, 44, 46] (avg cost = 23.83)
Agente 31: [0, 2, 3, 5, 6, 11, 13, 16, 18, 18, 20, 23, 26, 29, 31, 34, 34, 34, 36, 38, 40, 43, 42, 46, 46, 46, 46, 47] (avg cost = 26.89)
Agente 32: [0, 2, 2, 6, 8, 11, 14, 16, 18, 18, 20, 24] (avg cost = 11.58)
Agente 33: [0, 2, 3, 6, 8, 11, 13, 16, 18, 18, 20, 24, 26, 29, 31, 34, 34, 34, 36, 38] (avg cost = 20.05)
Agente 34: [0, 2, 3, 6, 8, 11, 14, 17, 18, 18, 20, 24, 26, 28, 32, 34, 34, 34, 36, 38] (avg cost = 20.15)
Agente 35: [0, 2, 3, 6, 8, 11, 14, 16, 18, 18, 20, 19] (avg cost = 11.25)
Agente 36: [0, 2, 3, 6, 9, 11, 14, 16, 18, 18, 21, 23, 26, 29, 32, 34, 34, 34, 36, 39, 41, 43, 45, 46, 46, 46, 47, 47, 48] (avg cost = 28.07)
Agente 37: [0, 2, 3, 2, 8, 11, 14, 17, 18, 18, 21, 23, 26, 28, 32, 31, 34, 34, 37, 39, 41, 43, 45, 46, 46] (avg cost = 24.76)
Agente 38: [0, 2, 3, 6, 9, 11, 14, 14, 18, 18, 20, 24, 26] (avg cost = 12.69)
Agente 39: [0, 2, 2, 6, 6, 11, 14, 17, 18, 18, 21, 24, 26, 24, 32, 34, 32, 35, 37, 39] (avg cost = 19.90)
Agente 40: [0, 1, 3, 6, 9, 11, 14, 16, 18, 18, 21, 24, 27, 29, 32, 34, 34, 34, 36, 39, 39] (avg cost = 21.19)
Agente 41: [0, 2, 3, 6, 9, 11, 14, 17, 18, 18, 21] (avg cost = 10.82)
Agente 42: [0, 2, 4, 6, 9, 11, 14, 17, 18, 18, 21, 24, 27, 29, 31, 34, 34, 34, 37, 39, 41] (avg cost = 21.43)
Agente 43: [0, 2, 4, 6, 9, 11, 14, 16, 18, 18, 21, 19, 27] (avg cost = 12.69)
Agente 44: [0, 2, 4, 5, 9, 11, 14, 17, 18, 18, 21, 24, 27, 29, 32, 34] (avg cost = 16.56)
Agente 45: [0, 2, 4, 6, 9, 12, 13, 17, 18, 18, 21] (avg cost = 10.91)
Agente 46: [0, 2, 3, 6, 9, 11, 15, 17, 18, 18, 21, 24, 27, 29, 7, 34, 34, 35, 37, 39, 41] (avg cost = 20.33)
Agente 47: [0, 2, 4, 6, 9, 11, 15, 17, 17, 18, 21, 24, 27] (avg cost = 13.15)
Agente 48: [1, 2, 4, 6, 9, 12, 14, 17, 18, 3, 21, 24, 27, 30, 26, 34] (avg cost = 15.50)
Agente 49: [0, 2, 4, 6, 9, 12, 15, 17, 18, 18, 21, 24, 22, 30, 32, 34, 34, 35, 36, 38, 41, 43, 45, 46] (avg cost = 24.25)

Agente peggiore: 36 (costo medio = 28.07)

=== Dopo Ricerca Locale ===
Agente 0: [0, 0, 0, 4, 7, 9, 11, 13, 17, 18, 18, 21, 25, 27, 30, 32, 34, 34] (avg cost = 16.67)
Agente 1: [0, 1, 2, 4, 6, 9, 12, 15, 17, 18, 19, 22, 25, 23, 30, 32, 34, 34, 35, 37] (avg cost = 18.75)
Agente 2: [0, 1, 2, 4, 7, 9, 12, 15, 17, 18, 19, 21] (avg cost = 10.42)
Agente 3: [0, 1, 2, 4, 7, 7, 12, 15, 18, 18, 19, 22, 25, 27, 30] (avg cost = 13.80)
Agente 4: [0, 1, 2, 4, 7, 10, 12, 15, 17, 18, 18, 21, 25, 27, 29, 32, 34, 34, 35, 37, 39, 41, 43, 42, 46, 46] (avg cost = 24.42)
Agente 5: [0, 1, 2, 4, 7, 10, 12, 14, 18, 18, 19, 22, 25, 27, 30, 32, 34, 34, 35, 37, 39, 42, 44, 45, 46, 46, 46, 35, 47] (avg cost = 26.59)
Agente 6: [0, 1, 2, 4, 7, 9, 12, 15, 18, 18, 19, 22, 25, 27, 30, 32, 34, 34, 35, 37, 39, 42, 44, 45, 44, 46, 46, 47] (avg cost = 26.21)
Agente 7: [0, 1, 2, 2, 7, 10, 12, 15, 17, 18, 19, 22, 25, 28, 30, 29, 34, 34, 35, 9, 39, 41] (avg cost = 19.50)
Agente 8: [0, 1, 2, 4, 7, 10, 12, 15, 17, 17, 19, 22] (avg cost = 10.50)
Agente 9: [0, 1, 2, 4, 5, 10, 12, 15, 18, 18, 19, 22] (avg cost = 10.50)
Agente 10: [0, 1, 2, 4, 7, 10, 12, 13, 18, 18, 19, 22, 25, 28, 30, 32, 34, 34, 35, 37, 39, 42, 20, 45] (avg cost = 21.96)
Agente 11: [0, 1, 2, 5, 6, 10, 12, 15, 18, 18, 19] (avg cost = 9.64)
Agente 12: [0, 1, 2, 4, 7, 10, 12, 15, 18, 18, 19, 21] (avg cost = 10.58)
Agente 13: [0, 1, 2, 5, 0, 10, 12, 15, 18, 18, 19, 22, 25, 28, 30, 33, 34, 34, 35, 37, 38, 42, 44, 43, 46, 46, 46, 46, 47] (avg cost = 26.76)
Agente 14: [0, 1, 2, 5, 7, 10, 13, 15, 18, 18, 18, 22, 15, 28, 30, 31, 34, 34, 35, 38, 40, 40, 44, 45, 46] (avg cost = 23.56)
Agente 15: [0, 1, 2, 5, 7, 10, 13, 16, 18, 18, 19, 22, 25, 28, 30, 17, 34, 33, 36, 38, 40, 42, 44] (avg cost = 21.65)
Agente 16: [0, 2, 2, 4, 7, 10, 13, 11, 18, 18] (avg cost = 8.50)
Agente 17: [0, 2, 2, 5, 7, 10, 13, 16, 18, 18, 19] (avg cost = 10.00)
Agente 18: [0, 2, 2, 5, 8, 10, 13, 16, 18, 18, 20, 23, 25, 28, 30, 33, 34] (avg cost = 16.76)
Agente 19: [0, 2, 2, 5, 8, 10, 12, 16, 18, 18, 20, 22, 25, 28, 31, 32, 34, 34, 36, 38, 40, 42, 41] (avg cost = 22.35)
Agente 20: [0, 2, 2, 5, 8, 10, 13, 16, 18, 18, 20, 23, 21, 28, 31, 33, 34, 34, 35, 38, 40, 42, 44, 45, 46, 46, 46, 47] (avg cost = 26.61)
Agente 21: [0, 2, 2, 5, 8, 10, 13, 16, 18, 18, 20, 23, 25, 28, 31, 33, 34, 34, 36, 38, 40, 42, 44, 46, 46, 46, 46] (avg cost = 26.07)
Agente 22: [0, 2, 3, 5, 8, 10, 13, 16, 18, 16, 20, 23, 26, 28, 31, 33, 34, 34, 36] (avg cost = 18.74)
Agente 23: [0, 2, 3, 5, 7, 10, 13, 16, 18, 18, 20, 23, 26, 28, 31, 33, 34, 28, 36, 38, 40, 42, 44, 46, 46] (avg cost = 24.28)
Agente 24: [0, 1, 2, 5, 8, 11, 13, 16, 18, 18, 20, 23, 26, 28, 31, 33] (avg cost = 15.81)
Agente 25: [0, 2, 3, 5, 8, 10, 10, 16, 18, 18, 20, 23, 26, 29, 31, 33, 34, 34, 34, 38, 40, 43, 44, 39, 46, 46, 46, 47, 47] (avg cost = 27.24)
Agente 26: [0, 2, 2, 5, 8, 10, 13, 16, 18, 18, 20, 23, 26, 29, 31, 33, 34, 34, 36, 38, 40] (avg cost = 20.76)
Agente 27: [0, 2, 3, 5, 8, 10, 13, 16, 18, 18, 4, 23, 26, 29, 31, 18, 34, 34, 36, 37, 40, 42, 44] (avg cost = 21.35)
Agente 28: [0, 1, 3, 5, 8, 11, 13, 15, 18, 18, 20, 19, 26, 25, 31, 33, 34, 34, 36, 37, 41, 43, 45, 45, 46, 46, 46, 42] (avg cost = 26.46)
Agente 29: [0, 2, 2, 5, 8, 11, 13, 16, 18, 14, 20, 23, 26, 29, 21, 34, 34, 34, 36, 38, 41, 40, 45, 46, 46, 46, 46, 47] (avg cost = 26.46)
Agente 30: [0, 2, 3, 5, 8, 11, 12, 16, 18, 18, 20, 23, 26, 29, 31, 34, 34, 34, 36, 38, 41, 43, 44, 46] (avg cost = 23.83)
Agente 31: [0, 2, 3, 5, 6, 11, 13, 16, 18, 18, 20, 23, 26, 29, 31, 34, 34, 34, 36, 38, 40, 43, 42, 46, 46, 46, 46, 47] (avg cost = 26.89)
Agente 32: [0, 2, 2, 6, 8, 11, 14, 16, 18, 18, 20, 24] (avg cost = 11.58)
Agente 33: [0, 2, 3, 6, 8, 11, 13, 16, 18, 18, 20, 24, 26, 29, 31, 34, 34, 34, 36, 38] (avg cost = 20.05)
Agente 34: [0, 2, 3, 6, 8, 11, 14, 17, 18, 18, 20, 24, 26, 28, 32, 34, 34, 34, 36, 38] (avg cost = 20.15)
Agente 35: [0, 2, 3, 6, 8, 11, 14, 16, 18, 18, 20, 19] (avg cost = 11.25)
Agente 36: [0, 2, 3, 6, 9, 11, 14, 16, 18, 18, 21, 23, 26, 29, 32, 34, 34, 34, 36, 39, 41, 43, 45, 46, 46, 46, 47, 47, 48] (avg cost = 28.07)
Agente 37: [0, 2, 3, 2, 8, 11, 14, 17, 18, 18, 21, 23, 26, 28, 32, 31, 34, 34, 37, 39, 41, 43, 45, 46, 46] (avg cost = 24.76)
Agente 38: [0, 2, 3, 6, 9, 11, 14, 14, 18, 18, 20, 24, 26] (avg cost = 12.69)
Agente 39: [0, 2, 2, 6, 6, 11, 14, 17, 18, 18, 21, 24, 26, 24, 32, 34, 32, 35, 37, 39] (avg cost = 19.90)
Agente 40: [0, 1, 3, 6, 9, 11, 14, 16, 18, 18, 21, 24, 27, 29, 32, 34, 34, 34, 36, 39, 39] (avg cost = 21.19)
Agente 41: [0, 2, 3, 6, 9, 11, 14, 17, 18, 18, 21] (avg cost = 10.82)
Agente 42: [0, 2, 4, 6, 9, 11, 14, 17, 18, 18, 21, 24, 27, 29, 31, 34, 34, 34, 37, 39, 41] (avg cost = 21.43)
Agente 43: [0, 2, 4, 6, 9, 11, 14, 16, 18, 18, 21, 19, 27] (avg cost = 12.69)
Agente 44: [0, 2, 4, 5, 9, 11, 14, 17, 18, 18, 21, 24, 27, 29, 32, 34] (avg cost = 16.56)
Agente 45: [0, 2, 4, 6, 9, 12, 13, 17, 18, 18, 21] (avg cost = 10.91)
Agente 46: [0, 2, 3, 6, 9, 11, 15, 17, 18, 18, 21, 24, 27, 29, 7, 34, 34, 35, 37, 39, 41] (avg cost = 20.33)
Agente 47: [0, 2, 4, 6, 9, 11, 15, 17, 17, 18, 21, 24, 27] (avg cost = 13.15)
Agente 48: [1, 2, 4, 6, 9, 12, 14, 17, 18, 3, 21, 24, 27, 30, 26, 34] (avg cost = 15.50)
Agente 49: [0, 2, 4, 6, 9, 12, 15, 17, 18, 18, 21, 24, 22, 30, 32, 34, 34, 35, 36, 38, 41, 43, 45, 46] (avg cost = 24.25)

Agente peggiore dopo local search: 36 (costo medio = 28.07)

Coincidenza allocazione Greedy / Locale?  Sì